1.	 Decimal:	 43106056873454278838331519477509584967694405739795670977671668374330362115577
    Hex:	5f4d29e0de75bda33b21e6f996aea661a75553294471ce937f0833ec7ff535f9
    log2:	254.574425809463
	

	range:	28948022309329048855892746252171976963317496166410141009864396001978282409984 to 57896044618658097711785492504343953926634992332820282019728792003956564819968

		target:	 43106056873454278838331519477509584967694405739795670977671668374330362115577
	
			mini target:	718434281224237980638858657958493082794906762329927849627861139572172701927

				DIGITS:	77

					mini DIGITS:	75

						RESULT:	42897191289985779607000924363160754587416800376129966608735483710804804606284/43106056873454278838331519477509584967694405739795670977671668374330362115577 = 0.99515461170383404848 or 99.515461170383404848%

4289719128998577960700092436316075458741680037612996:6608735483710804804606284

							mini RESULT:	


57087735886978603528867726372948599532561281809:92445785546378839482459914289719128998577960700092436316075458741680037612996:66087354837108048046062846528465899184281368129693358167733312216318050227146:245189958637258654408237076681690934081351592487946034694


5
70877		35886978603528867726372948599532561281809924457855463788394824599142897191289	9857796070009243631607545874168003761299666087354837108048046062846528465899184281368129693358167733312216318050227146245189958637258654408237076681690934081351592487946034694


5
708773588697860		35288677263729485995325612818099244578554637883948245991428971912899857796070	009243631607545874168003761299666087354837108048046062846528465899184281368129693358167733312216318050227146245189958637258654408237076681690934081351592487946034694


5
7087735886978603		52886772637294859953256128180992445785546378839482459914289719128998577960700	09243631607545874168003761299666087354837108048046062846528465899184281368129693358167733312216318050227146245189958637258654408237076681690934081351592487946034694


5
7087735886978603528867726		37294859953256128180992445785546378839482459914289719128998577960700092436316	07545874168003761299666087354837108048046062846528465899184281368129693358167733312216318050227146245189958637258654408237076681690934081351592487946034694


5
708773588697860352886772637		29485995325612818099244578554637883948245991428971912899857796070009243631607	545874168003761299666087354837108048046062846528465899184281368129693358167733312216318050227146245189958637258654408237076681690934081351592487946034694


5
70877358869786035288677263729		48599532561281809924457855463788394824599142897191289985779607000924363160754	5874168003761299666087354837108048046062846528465899184281368129693358167733312216318050227146245189958637258654408237076681690934081351592487946034694


5
7087735886978603528867726372948599		53256128180992445785546378839482459914289719128998577960700092436316075458741	68003761299666087354837108048046062846528465899184281368129693358167733312216318050227146245189958637258654408237076681690934081351592487946034694


5
70877358869786035288677263729485995		32561281809924457855463788394824599142897191289985779607000924363160754587416	8003761299666087354837108048046062846528465899184281368129693358167733312216318050227146245189958637258654408237076681690934081351592487946034694


5
70877358869786035288677263729485995325612818099244		57855463788394824599142897191289985779607000924363160754587416800376129966608	7354837108048046062846528465899184281368129693358167733312216318050227146245189958637258654408237076681690934081351592487946034694


5
70877358869786035288677263729485995325612818099244578		55463788394824599142897191289985779607000924363160754587416800376129966608735	4837108048046062846528465899184281368129693358167733312216318050227146245189958637258654408237076681690934081351592487946034694


5
708773588697860352886772637294859953256128180992445785		54637883948245991428971912899857796070009243631607545874168003761299666087354	837108048046062846528465899184281368129693358167733312216318050227146245189958637258654408237076681690934081351592487946034694


5
7087735886978603528867726372948599532561281809924457855		463788394824599142897191289985779607000924363160754587416800376129966608735483	7108048046062846528465899184281368129693358167733312216318050227146245189958637258654408237076681690934081351592487946034694


5
708773588697860352886772637294859953256128180992445785546		3788394824599142897191289985779607000924363160754587416800376129966608735483710	8048046062846528465899184281368129693358167733312216318050227146245189958637258654408237076681690934081351592487946034694


5
7087735886978603528867726372948599532561281809924457855463788		39482459914289719128998577960700092436316075458741680037612996660873548371080	48046062846528465899184281368129693358167733312216318050227146245189958637258654408237076681690934081351592487946034694


5
708773588697860352886772637294859953256128180992445785546378839		48245991428971912899857796070009243631607545874168003761299666087354837108048	046062846528465899184281368129693358167733312216318050227146245189958637258654408237076681690934081351592487946034694


5
708773588697860352886772637294859953256128180992445785546378839482		45991428971912899857796070009243631607545874168003761299666087354837108048046	062846528465899184281368129693358167733312216318050227146245189958637258654408237076681690934081351592487946034694


5
70877358869786035288677263729485995325612818099244578554637883948245991		42897191289985779607000924363160754587416800376129966608735483710804804606284	6528465899184281368129693358167733312216318050227146245189958637258654408237076681690934081351592487946034694*************


5
708773588697860352886772637294859953256128180992445785546378839482459914		28971912899857796070009243631607545874168003761299666087354837108048046062846	528465899184281368129693358167733312216318050227146245189958637258654408237076681690934081351592487946034694


5
7087735886978603528867726372948599532561281809924457855463788394824599142897191		28998577960700092436316075458741680037612996660873548371080480460628465284658	99184281368129693358167733312216318050227146245189958637258654408237076681690934081351592487946034694


5
708773588697860352886772637294859953256128180992445785546378839482459914289719128998		57796070009243631607545874168003761299666087354837108048046062846528465899184	281368129693358167733312216318050227146245189958637258654408237076681690934081351592487946034694


5
708773588697860352886772637294859953256128180992445785546378839482459914289719128998577960700092		43631607545874168003761299666087354837108048046062846528465899184281368129693	358167733312216318050227146245189958637258654408237076681690934081351592487946034694****************


5
7087735886978603528867726372948599532561281809924457855463788394824599142897191289985779607000924		36316075458741680037612996660873548371080480460628465284658991842813681296933	58167733312216318050227146245189958637258654408237076681690934081351592487946034694


5
708773588697860352886772637294859953256128180992445785546378839482459914289719128998577960700092436		31607545874168003761299666087354837108048046062846528465899184281368129693358	167733312216318050227146245189958637258654408237076681690934081351592487946034694


5
70877358869786035288677263729485995325612818099244578554637883948245991428971912899857796070009243631607		54587416800376129966608735483710804804606284652846589918428136812969335816773	3312216318050227146245189958637258654408237076681690934081351592487946034694


5
708773588697860352886772637294859953256128180992445785546378839482459914289719128998577960700092436316075		45874168003761299666087354837108048046062846528465899184281368129693358167733	312216318050227146245189958637258654408237076681690934081351592487946034694


5
7087735886978603528867726372948599532561281809924457855463788394824599142897191289985779607000924363160754587		41680037612996660873548371080480460628465284658991842813681296933581677333122	16318050227146245189958637258654408237076681690934081351592487946034694


5
7087735886978603528867726372948599532561281809924457855463788394824599142897191289985779607000924363160754587416800		37612996660873548371080480460628465284658991842813681296933581677333122163180	50227146245189958637258654408237076681690934081351592487946034694


5
70877358869786035288677263729485995325612818099244578554637883948245991428971912899857796070009243631607545874168003761		29966608735483710804804606284652846589918428136812969335816773331221631805022	7146245189958637258654408237076681690934081351592487946034694


5
70877358869786035288677263729485995325612818099244578554637883948245991428971912899857796070009243631607545874168003761299666087		35483710804804606284652846589918428136812969335816773331221631805022714624518	9958637258654408237076681690934081351592487946034694


5
708773588697860352886772637294859953256128180992445785546378839482459914289719128998577960700092436316075458741680037612996660873		54837108048046062846528465899184281368129693358167733312216318050227146245189	958637258654408237076681690934081351592487946034694


5
7087735886978603528867726372948599532561281809924457855463788394824599142897191289985779607000924363160754587416800376129966608735		48371080480460628465284658991842813681296933581677333122163180502271462451899	58637258654408237076681690934081351592487946034694


5
708773588697860352886772637294859953256128180992445785546378839482459914289719128998577960700092436316075458741680037612996660873548		37108048046062846528465899184281368129693358167733312216318050227146245189958	637258654408237076681690934081351592487946034694


5
708773588697860352886772637294859953256128180992445785546378839482459914289719128998577960700092436316075458741680037612996660873548371080		48046062846528465899184281368129693358167733312216318050227146245189958637258	654408237076681690934081351592487946034694


5
708773588697860352886772637294859953256128180992445785546378839482459914289719128998577960700092436316075458741680037612996660873548371080480		46062846528465899184281368129693358167733312216318050227146245189958637258654	408237076681690934081351592487946034694


5
708773588697860352886772637294859953256128180992445785546378839482459914289719128998577960700092436316075458741680037612996660873548371080480460628		46528465899184281368129693358167733312216318050227146245189958637258654408237	076681690934081351592487946034694


5
70877358869786035288677263729485995325612818099244578554637883948245991428971912899857796070009243631607545874168003761299666087354837108048046062846		52846589918428136812969335816773331221631805022714624518995863725865440823707	6681690934081351592487946034694


5
70877358869786035288677263729485995325612818099244578554637883948245991428971912899857796070009243631607545874168003761299666087354837108048046062846528		46589918428136812969335816773331221631805022714624518995863725865440823707668	1690934081351592487946034694


5
7087735886978603528867726372948599532561281809924457855463788394824599142897191289985779607000924363160754587416800376129966608735483710804804606284652846589918	42813681296933581677333122163180502271462451899586372586544082370766816909340	81351592487946034694


5
70877358869786035288677263729485995325612818099244578554637883948245991428971912899857796070009243631607545874168003761299666087354837108048046062846528465899184281		36812969335816773331221631805022714624518995863725865440823707668169093408135	1592487946034694


5
708773588697860352886772637294859953256128180992445785546378839482459914289719128998577960700092436316075458741680037612996660873548371080480460628465284658991842813681		29693358167733312216318050227146245189958637258654408237076681690934081351592	487946034694


5
7087735886978603528867726372948599532561281809924457855463788394824599142897191289985779607000924363160754587416800376129966608735483710804804606284652846589918428136812969		33581677333122163180502271462451899586372586544082370766816909340813515924879	46034694


5
70877358869786035288677263729485995325612818099244578554637883948245991428971912899857796070009243631607545874168003761299666087354837108048046062846528465899184281368129693	35816773331221631805022714624518995863725865440823707668169093408135159248794	6034694


5
708773588697860352886772637294859953256128180992445785546378839482459914289719128998577960700092436316075458741680037612996660873548371080480460628465284658991842813681296933581677		33312216318050227146245189958637258654408237076681690934081351592487946034694





