2.		Decimal: 53956256034520000557547059228490504435550463226032069830026857301417136903931
    Hex: 774a289f83587a86c4548f6ce2181f1cce006c402a5f43f94059804b71ca56fb
    log2: 254.898325456171
	

	range:	28948022309329048855892746252171976963317496166410141009864396001978282409984 to 57896044618658097711785492504343953926634992332820282019728792003956564819968


		target:	 53956256034520000557547059228490504435550463226032069830026857301417136903931
	
			mini target:	899270933908666675959117653808175073925841053767201163833780955023618948399

				DIGITS:	77

					mini DIGITS:	75

						RESULT:	52805865058099794976388708156873851424264547912124064106788869660517953402862/53956256034520000557547059228490504435550463226032069830026857301417136903931 =  0.97867919197943958015


53956256034520000557547059228490504435550463226032069830026857301417136903931/54791212406410678886966051795340286295157831987060446064047831433241778450840	 = 0.98476112618758210207


547912124064:10678886966051795340286295157831987060446064047831433241778450840





							mini RESULT:	



4399014860706693660679352805865058099794976388708156873851424264547912124064:106788869660517953402862951578319870604460640478314332417784508407885712416966



4
	3990148607066936606793528058650580997949763887081568738514242645479121240641	06788869660517953402862951578319870604460640478314332417784508407885712416966



4
39901			48607066936606793528058650580997949763887081568738514242645479121240641067888	69660517953402862951578319870604460640478314332417784508407885712416966



4
39901486070669		36606793528058650580997949763887081568738514242645479121240641067888696605179	53402862951578319870604460640478314332417784508407885712416966



4
399014860706693660679			35280586505809979497638870815687385142426454791212406410678886966051795340286	2951578319870604460640478314332417784508407885712416966



4
3990148607066936606793			52805865058099794976388708156873851424264547912124064106788869660517953402862	951578319870604460640478314332417784508407885712416966********



4
39901486070669366067935280586			50580997949763887081568738514242645479121240641067888696605179534028629515783	19870604460640478314332417784508407885712416966



4
39901486070669366067935280586505809979			49763887081568738514242645479121240641067888696605179534028629515783198706044	60640478314332417784508407885712416966



4
399014860706693660679352805865058099794976	`	38870815687385142426454791212406410678886966051795340286295157831987060446064	0478314332417784508407885712416966



4
39901486070669366067935280586505809979497638870815687			38514242645479121240641067888696605179534028629515783198706044606404783143324	17784508407885712416966


4
399014860706693660679352805865058099794976388708156873851		42426454791212406410678886966051795340286295157831987060446064047831433241778	4508407885712416966


4
39901486070669366067935280586505809979497638870815687385142		42645479121240641067888696605179534028629515783198706044606404783143324177845	08407885712416966


4
39901486070669366067935280586505809979497638870815687385142426			45479121240641067888696605179534028629515783198706044606404783143324177845084	07885712416966


4
399014860706693660679352805865058099794976388708156873851424264			54791212406410678886966051795340286295157831987060446064047831433241778450840	7885712416966


4
3990148607066936606793528058650580997949763887081568738514242645		47912124064106788869660517953402862951578319870604460640478314332417784508407	885712416966


4
39901486070669366067935280586505809979497638870815687385142426454791212			40641067888696605179534028629515783198706044606404783143324177845084078857124	16966


4
39901486070669366067935280586505809979497638870815687385142426454791212406		41067888696605179534028629515783198706044606404783143324177845084078857124169	66






