4.		Decimal: 8746542873738409424151430857875561899267488433126148574314807678090161481177
    Hex: 13565e2a3ec691ae5681df6b89c7f50722b070e0f83195c5142ee5c79858e5d9
    log2: 252.273320011843
	

	range:	7237005577332262213973186563042994240829374041602535252466099000494570602496 to 14474011154664524427946373126085988481658748083205070504932198000989141204992

		target:	 8746542873738409424151430857875561899267488433126148574314807678090161481177
	
			mini target:	145775714562306823735857180964592698321124807218769142905246794634836024687

				DIGITS:	76 to 77 

					mini DIGITS:	75

						RESULT:	8583943832224025595250337222614724824114099402230340520704562813284168274473/8746542873738409424151430857875561899267488433126148574314807678090161481177 = 0.98140990745010931939

85839438322:24025595250337222614724824114099402230340520704562813284168274473

							mini RESULT:	


55500266100154198235964820633323581154002066397810900198234095485585839438322:24025595250337222614724824114099402230340520704562813284168274473541518575901



5
55002661001541			9823596482063332358115400206639781090019823409548558583943832224025595250337	222614724824114099402230340520704562813284168274473541518575901


5
550026610015419			8235964820633323581154002066397810900198234095485585839438322240255952503372	22614724824114099402230340520704562813284168274473541518575901



5
5500266100154198235		9648206333235811540020663978109001982340954855858394383222402559525033722261	4724824114099402230340520704562813284168274473541518575901



5
5500266100154198235964			8206333235811540020663978109001982340954855858394383222402559525033722261472	4824114099402230340520704562813284168274473541518575901



5
55002661001541982359648206333235		8115400206639781090019823409548558583943832224025595250337222614724824114099	402230340520704562813284168274473541518575901



5
55002661001541982359648206333235811540020663			9781090019823409548558583943832224025595250337222614724824114099402230340520	704562813284168274473541518575901



5
550026610015419823596482063332358115400206639			7810900198234095485585839438322240255952503372226147248241140994022303405207	04562813284168274473541518575901



5
5500266100154198235964820633323581154002066397			8109001982340954855858394383222402559525033722261472482411409940223034052070	4562813284168274473541518575901



5
550026610015419823596482063332358		11540020663978109001982340954855858394383222402559525033722261472482411409940	2230340520704562813284168274473541518575901



5
55002661001541982359648206333235811540020663978			10900198234095485585839438322240255952503372226147248241140994022303405207045	62813284168274473541518575901



5
5500266100154198235964820633323581154002066397810		9001982340954855858394383222402559525033722261472482411409940223034052070456	2813284168274473541518575901



5
55002661001541982359648206333235811540020663978109001			9823409548558583943832224025595250337222614724824114099402230340520704562813	284168274473541518575901



5
550026610015419823596482063332358115400206639781090019			8234095485585839438322240255952503372226147248241140994022303405207045628132	84168274473541518575901



5
55002661001541982359648206333235811540020663978109001982340		9548558583943832224025595250337222614724824114099402230340520704562813284168	274473541518575901



5
55002661001541982359648206333235811540020663978109001982340954			8558583943832224025595250337222614724824114099402230340520704562813284168274	473541518575901



5
55002661001541982359648206333235811540020663978109001982340954855		8583943832224025595250337222614724824114099402230340520704562813284168274473	541518575901



5
5500266100154198235964820633323581154002066397810900198234095485585		8394383222402559525033722261472482411409940223034052070456281328416827447354	1518575901



5
550026610015419823596482063332358115400206639781090019823409548558583			9438322240255952503372226147248241140994022303405207045628132841682744735415	18575901



5
550026610015419823596482063332358115400206639781090019823409548558583943		8322240255952503372226147248241140994022303405207045628132841682744735415185	75901



