5.		 Decimal: 21577495983097899509368750092795841759056596441968356929339312898840874382196
    Hex: 2fb46e102b5db46a803b629b562413a39f7e8a814af4d948efb8005b74fef374
    log2: 253.576062664663
	

	range:	14474011154664524427946373126085988481658748083205070504932198000989141204992 to 28948022309329048855892746252171976963317496166410141009864396001978282409984

		target:	 21577495983097899509368750092795841759056596441968356929339312898840874382196
	
			mini target:	359624933051631658489479168213264029317609940699472615488988548314014573037

				DIGITS:	77

					mini DIGITS:	75

						RESULT:	21577495983097899509368750092795841759056596441968356929339312898840874382196/21713633688648469678570124487257041940363880408966062470308899556591333227021 = 0.99373031213924637951

2171363368864846967857012448725704194036388040896606247030889:9556591333227021

							mini RESULT:	


26232227653383742171363368864846967857012448725704194036388040896606247030889:95565913332270212309980738807361452171104083434431260358580666965925629061343


	26232227653383742171363368864846967857012448725704194036388040896606247030889	95565913332270212309980738807361452171104083434431260358580666965925629061343



2
6		23222765338374217136336886484696785701244872570419403638804089660624703088995	565913332270212309980738807361452171104083434431260358580666965925629061343



2
623		22276533837421713633688648469678570124487257041940363880408966062470308899556	5913332270212309980738807361452171104083434431260358580666965925629061343



2
6232			22765338374217136336886484696785701244872570419403638804089660624703088995565	913332270212309980738807361452171104083434431260358580666965925629061343



2
62322			27653383742171363368864846967857012448725704194036388040896606247030889955659	13332270212309980738807361452171104083434431260358580666965925629061343



2
623222765338374			21713633688648469678570124487257041940363880408966062470308899556591333227021	2309980738807361452171104083434431260358580666965925629061343



2
6232227653383742		17136336886484696785701244872570419403638804089660624703088995565913332270212	309980738807361452171104083434431260358580666965925629061343



2
623222765338374217136336886484696785701			24487257041940363880408966062470308899556591333227021230998073880736145217110	4083434431260358580666965925629061343



2
62322276533837421713633688648469678570124487			25704194036388040896606247030889955659133322702123099807388073614521711040834	34431260358580666965925629061343



2
6232227653383742171363368864846967857012448725704		19403638804089660624703088995565913332270212309980738807361452171104083434431	260358580666965925629061343



2
6232227653383742171363368864846967857012448725704194036388040896606		24703088995565913332270212309980738807361452171104083434431260358580666965925	629061343



