6.		6. Decimal: 42065496753404037817861578602677281555894634976332786355779806646981932000670
    Hex: 5d003a38e4fca6472bd86f38f26542210fe1e0a496cdbf24fc162107485ea59e
    log2: log2: 254.539172592673
	

	range:	28948022309329048855892746252171976963317496166410141009864396001978282409984 to 57896044618658097711785492504343953926634992332820282019728792003956564819968

		target:	 42065496753404037817861578602677281555894634976332786355779806646981932000670
	
			mini target:	701091612556733963631026310044621359264910582938879772596330110783032200012

				DIGITS:	77

					mini DIGITS:	75

						RESULT:	
42065496753404037817861578602677281555894634976332786355779806646981932000670/42207362386423927810537429965692845724495611840540280200803539356956339170292 = 0.99663884154330569297

422073623864239278105374:29965692845724495611840540280200803539356956339170292764158978339047416063324


							mini RESULT:	


24700888130414742581235838917055376283277651702926352422073623864239278105374:29965692845724495611840540280200803539356956339170292764158978339047416063324




2
			47008881304147425812358389170553762832776517029263524220736238642392781053742	9965692845724495611840540280200803539356956339170292764158978339047416063324



2
47008881	
	30414742581235838917055376283277651702926352422073623864239278105374299656928	45724495611840540280200803539356956339170292764158978339047416063324



2
4700888130		41474258123583891705537628327765170292635242207362386423927810537429965692845	724495611840540280200803539356956339170292764158978339047416063324



2
470088813041			47425812358389170553762832776517029263524220736238642392781053742996569284572	4495611840540280200803539356956339170292764158978339047416063324



2
47008881304147			42581235838917055376283277651702926352422073623864239278105374299656928457244	95611840540280200803539356956339170292764158978339047416063324



2
47008881304147425812			35838917055376283277651702926352422073623864239278105374299656928457244956118	40540280200803539356956339170292764158978339047416063324



2
47008881304147425812358			38917055376283277651702926352422073623864239278105374299656928457244956118405	40280200803539356956339170292764158978339047416063324



2
47008881304147425812358389170			55376283277651702926352422073623864239278105374299656928457244956118405402802	00803539356956339170292764158978339047416063324



2
470088813041474258123583891705			53762832776517029263524220736238642392781053742996569284572449561184054028020	0803539356956339170292764158978339047416063324



2
4700888130414742581235838917055			37628327765170292635242207362386423927810537429965692845724495611840540280200	803539356956339170292764158978339047416063324



2
470088813041474258123583891705537628			32776517029263524220736238642392781053742996569284572449561184054028020080353	9356956339170292764158978339047416063324



2
4700888130414742581235838917055376283277651702926			35242207362386423927810537429965692845724495611840540280200803539356956339170	292764158978339047416063324



2
47008881304147425812358389170553762832776517029263		52422073623864239278105374299656928457244956118405402802008035393569563391702	92764158978339047416063324



2
4700888130414742581235838917055376283277651702926352			42207362386423927810537429965692845724495611840540280200803539356956339170292	764158978339047416063324



2
470088813041474258123583891705537628327765170292635242207		36238642392781053742996569284572449561184054028020080353935695633917029276415	8978339047416063324



2
470088813041474258123583891705537628327765170292635242207362			38642392781053742996569284572449561184054028020080353935695633917029276415897	8339047416063324



2
470088813041474258123583891705537628327765170292635242207362386			42392781053742996569284572449561184054028020080353935695633917029276415897833	9047416063324



2
47008881304147425812358389170553762832776517029263524220736238642		39278105374299656928457244956118405402802008035393569563391702927641589783390	47416063324



2
4700888130414742581235838917055376283277651702926352422073623864239278105		37429965692845724495611840540280200803539356956339170292764158978339047416063	324



2
470088813041474258123583891705537628327765170292635242207362386423927810537		42996569284572449561184054028020080353935695633917029276415897833904741606332	4



2
4700888130414742581235838917055376283277651702926352422073623864239278105374			29965692845724495611840540280200803539356956339170292764158978339047416063324



