RMD160-SPINE CHART — unreduced curve ledger
Rows: H = rmd160 linear rank 1..160
Curve account: X=x^3+7, Y=y^2, C=(X-Y)/p  (NOT mod p)
R160 = 1+(r-1)*159/(M-1);  E = R160 - H
Fit features ['Px', 'Py', 'neg_y', 'y2_full', 'x3plus7_full', 'p_carry']
weights={'Px': 0.0, 'Py': 0.236054, 'neg_y': 0.358384, 'y2_full': 0.236054, 'x3plus7_full': 0.0, 'p_carry': 0.169507}
train=88  MAE(H_hat-H)=40.3984  RMSE=46.0553  spearman=0.1422
P135 p_carry verified against provided C_135

  n   H rPx rPy r-y rY2 rX3  rC    EPx    EPy    EY2    EX3     EC       B
--------------------------------------------------------------------------
133   1                                                                   
136   2                                                                   
 24   3  47  76  13  76  47  47  82.07 135.07 135.07  82.07  82.07   84.82
 39   4  19  19  70  19  19  19  29.90  29.90  29.90  29.90  29.90   63.30
 27   5  14   3  86   3  14  14  19.76  -0.34  -0.34  19.76  19.76   57.43
 49   6  39  65  24  65  39  39  64.45 111.97 111.97  64.45  64.45   77.06
110   7   3   2  87   2   3   3  -2.34  -4.17  -4.17  -2.34  -2.34   51.81
 73   8                                                                   
 28   9  80   7  82   7  80  80 136.38   2.97   2.97 136.38 136.38   74.70
134  10                                                                   
143  11                                                                   
151  12                                                                   
 82  13                                                                   
 66  14  38  46  43  46  38  38  54.62  69.24  69.24  54.62  54.62   64.80
157  15                                                                   
 83  16                                                                   
 37  17  52  34  55  34  52  52  77.21  44.31  44.31  77.21  77.21   63.64
 21  18  13  16  73  16  13  13   4.93  10.41  10.41   4.93   4.93   46.82
159  19                                                                   
 96  20                                                                   
107  21                                                                   
 25  22   1  64  25  64   1   1 -21.00  94.14  94.14 -21.00 -21.00   49.08
 53  23   7  37  52  37   7   7 -11.03  43.79  43.79 -11.03 -11.03   44.32
142  24                                                                   
 57  25  67  42  47  42  67  67  96.62  50.93  50.93  96.62  96.62   61.95
137  26                                                                   
 78  27                                                                   
 81  28                                                                   
 52  29  50  79  10  79  50  50  61.55 114.55 114.55  61.55  61.55   60.37
 88  30                                                                   
135  31  12  38  51  38  12  12  -9.90  37.62  37.62  -9.90  -9.90   38.08
 64  32   8  28  61  28   8   8 -18.21  18.34  18.34 -18.21 -18.21   33.76
131  33                                                                   
114  34                                                                   
 93  35                                                                   
 56  36  28  80   9  80  28  28  14.34 109.38 109.38  14.34  14.34   46.77
120  37  77  15  74  15  77  77 102.90 -10.41 -10.41 102.90 102.90   47.44
153  38                                                                   
111  39                                                                   
 33  40  66   4  85   4  66  66  79.79 -33.52 -33.52  79.79  79.79   38.74
112  41                                                                   
106  42                                                                   
 65  43  21  82   7  82  21  21  -5.45 106.03 106.03  -5.45  -5.45   38.01
147  44                                                                   
 97  45                                                                   
 29  46  46  85   4  85  46  46  37.24 108.52 108.52  37.24  37.24   43.38
145  47  71  33  56  33  71  71  81.93  12.48  12.48  81.93  81.93   39.32
 89  48                                                                   
 70  49  60  78  11  78  60  60  59.83  92.72  92.72  59.83  59.83   43.26
  3  50  41  40  49  40  41  41  24.10  22.28  22.28  24.10  24.10   28.48
 95  51  63  58  31  58  63  63  63.31  54.17  54.17  63.31  63.31   38.04
 69  52  36  73  16  73  36  36  12.97  80.59  80.59  12.97  12.97   31.79
158  53                                                                   
 92  54                                                                   
 79  55                                                                   
 61  56  34  75  14  75  34  34   5.31  80.24  80.24   5.31   5.31   27.59
126  57                                                                   
138  58                                                                   
103  59                                                                   
155  60  42  86   3  86  42  42  15.93  96.34  96.34  15.93  15.93   28.35
 80  61  53  36  53  36  53  53  35.03   3.97   3.97  35.03  35.03   20.37
 16  62  64  49  40  49  64  64  54.14  26.72  26.72  54.14  54.14   25.48
 67  63  10  84   5  84  10  10 -45.55  89.69  89.69 -45.55 -45.55   15.02
 36  64  73  41  48  41  73  73  68.59  10.10  10.10  68.59  68.59   24.60
  1  65  51  26  63  26  51  51  27.38 -18.31 -18.31  27.38  27.38   13.67
124  66                                                                   
 77  67                                                                   
141  68                                                                   
101  69                                                                   
105  70  75   5  84   5  75  75  66.24 -61.69 -61.69  66.24  66.24   11.74
 84  71                                                                   
  9  72  31  51  38  51  31  31 -16.17  20.38  20.38 -16.17 -16.17    5.67
  2  73  86  21  68  21  86  86  83.34 -35.45 -35.45  83.34  83.34   15.47
149  74                                                                   
 98  75                                                                   
123  76                                                                   
 22  77  27  43  46  43  27  27 -28.48   0.76   0.76 -28.48 -28.48   -2.23
 44  78  43  44  45  44  43  43  -0.24   1.59   1.59  -0.24  -0.24    1.93
 12  79  57  35  54  35  57  57  24.34 -15.86 -15.86  24.34  24.34    3.40
 48  80  61  32  57  32  61  61  30.66 -22.34 -22.34  30.66  30.66    3.01
 76  81                                                                   
 58  82   9  29  60  29   9   9 -66.38 -29.83 -29.83 -66.38 -66.38  -15.72
 42  83  81  13  76  13  81  81  64.21 -60.07 -60.07  64.21  64.21    2.26
  5  84  23  18  71  18  23  23 -42.79 -51.93 -51.93 -42.79 -42.79  -15.67
104  85                                                                   
 40  86  65  47  42  47  65  65  31.97  -0.93  -0.93  31.97  31.97    1.37
  4  87  20  31  58  31  20  20 -51.28 -31.17 -31.17 -51.28 -51.28  -16.90
 14  88  74  45  44  45  74  74  46.41  -6.59  -6.59  46.41  46.41    1.74
 91  89                                                                   
 46  90  87  59  30  59  87  87  68.17  17.00  17.00  68.17  68.17    6.68
 32  91   4  27  62  27   4   4 -84.52 -42.48 -42.48 -84.52 -84.52  -26.68
156  92                                                                   
 74  93                                                                   
130  94  44  62  27  62  44  44 -14.41  18.48  18.48 -14.41 -14.41  -10.02
148  95                                                                   
139  96                                                                   
127  97                                                                   
121  98                                                                   
 18  99   5  53  36  53   5   5 -90.69  -2.97  -2.97 -90.69 -90.69  -28.97
119 100                                                                   
109 101                                                                   
 59 102  30   8  81   8  30  30 -48.00 -88.21 -88.21 -48.00 -48.00  -33.58
108 103                                                                   
 38 104  76  20  69  20  76  76  34.07 -68.28 -68.28  34.07  34.07  -18.83
 17 105  29  22  67  22  29  29 -52.83 -65.62 -65.62 -52.83 -52.83  -33.98
 20 106  25  52  37  52  25  25 -61.14 -11.79 -11.79 -61.14 -61.14  -29.98
129 107                                                                   
 75 108  49  57  32  57  49  49 -19.28  -4.66  -4.66 -19.28 -19.28  -23.51
 72 109                                                                   
 26 110  37   6  83   6  37  37 -43.21 -99.86 -99.86 -43.21 -43.21  -39.83
 99 111                                                                   
 86 112                                                                   
 94 113                                                                   
100 114  78  50  39  50  78  78  27.72 -23.45 -23.45  27.72  27.72  -21.98
117 115                                                                   
 54 116  35   1  88   1  35  35 -52.86 -115.0 -115.0 -52.86 -52.86  -47.48
 85 117  18   9  80   9  18  18 -84.93 -101.3 -101.3 -84.93 -84.93  -52.09
 60 118  33  72  17  72  33  33 -58.52  12.76  12.76 -58.52 -58.52  -35.35
132 119                                                                   
 90 120  40  60  29  60  40  40 -47.72 -11.17 -11.17 -47.72 -47.72  -37.67
 23 121  85  55  34  55  85  85  33.52 -21.31 -21.31  33.52  33.52  -25.77
 41 122  72  56  33  56  72  72   8.76 -20.48 -20.48   8.76   8.76  -30.59
 30 123   6  63  26  63   6   6 -112.8  -8.69  -8.69 -112.8 -112.8  -50.58
 10 124  69  77  12  77  69  69   1.28  15.90  15.90   1.28   1.28  -29.16
 31 125  56  24  65  24  56  56 -23.48 -81.97 -81.97 -23.48 -23.48  -45.20
152 126                                                                   
 55 127  55  10  79  10  55  55 -27.31 -109.5 -109.5 -27.31 -27.31  -50.42
146 128                                                                   
  8 129   2  74  15  74   2   2 -126.1   5.41   5.41 -126.1 -126.1  -55.53
 50 130  83  83   6  83  83  83  20.86  20.86  20.86  20.86  20.86  -29.57
150 131  11  87   2  87  11  11 -111.7  27.17  27.17 -111.7 -111.7  -52.04
 68 132  16  11  78  11  16  16 -103.5 -112.7 -112.7 -103.5 -103.5  -67.29
128 133                                                                   
  7 134  62  66  23  66  62  62 -21.52 -14.21 -14.21 -21.52 -21.52  -43.61
122 135                                                                   
 62 136  17  23  66  23  17  17 -105.7 -94.79 -94.79 -105.7 -105.7  -68.49
116 137                                                                   
160 138  79  68  21  68  79  79   5.55 -14.55 -14.55   5.55   5.55  -41.93
115 139  32  39  50  39  32  32 -81.34 -68.55 -68.55 -81.34 -81.34  -63.52
 19 140  54  25  64  25  54  54 -42.14 -95.14 -95.14 -42.14 -42.14  -60.61
113 141                                                                   
144 142                                                                   
154 143                                                                   
 63 144  45  30  59  30  45  45 -62.59 -90.00 -90.00 -62.59 -62.59  -66.36
 51 145  59  48  41  48  59  59 -38.00 -58.10 -58.10 -38.00 -38.00  -59.28
 45 146  48  61  28  61  48  48 -59.10 -35.34 -35.34 -59.10 -59.10  -60.99
118 147                                                                   
 34 148  26  71  18  71  26  26 -101.3 -19.07 -19.07 -101.3 -101.3  -67.72
 35 149  84  54  35  54  84  84   3.69 -51.14 -51.14   3.69   3.69  -54.29
 71 150                                                                   
125 151  22  14  75  14  22  22 -111.6 -126.2 -126.2 -111.6 -111.6  -83.81
102 152                                                                   
 47 153  24  67  22  67  24  24 -109.9 -31.38 -31.38 -109.9 -109.9  -74.17
 11 154  58  12  77  12  58  58 -48.83 -132.9 -132.9 -48.83 -48.83  -76.07
 43 155  68  69  20  69  68  68 -31.55 -29.72 -29.72 -31.55 -31.55  -62.13
 13 156  70  17  72  17  70  70 -28.90 -125.7 -125.7 -28.90 -28.90  -73.32
  6 157  82  81   8  81  82  82  -7.97  -9.79  -9.79  -7.97  -7.97  -57.30
 87 158                                                                   
 15 159  88  70  19  70  88  88   1.00 -31.90 -31.90   1.00   1.00  -59.72
140 160  15  88   1  88  15  15 -133.4   0.00   0.00 -133.4 -133.4  -79.60

========================================================================
puzzle_n sequences (value ascending) — unreduced

y2_full
54,110,27,33,105,26,28,59,85,55,68,11,42,125,120,21,13,5,39,38,2,17,62,31,19,1,32,64,58,63,4,48,145,37,12,80,53,135,115,3,36,57,22,44,14,66,40,51,16,100,9,20,18,35,23,41,75,95,46,90,45,130,30,25,49,7,47,160,43,15,34,60,69,8,61,24,10,70,52,56,6,65,50,67,29,155,150,140

x3plus7_full
25,8,110,32,18,30,53,64,58,67,150,135,21,27,140,68,62,85,39,4,65,125,5,47,20,34,22,56,17,59,9,115,60,61,54,69,26,66,49,90,3,155,44,130,63,29,24,45,75,52,1,37,80,19,55,31,12,11,51,70,48,7,95,16,40,33,57,43,10,13,145,41,36,14,105,38,120,100,160,28,42,6,50,35,23,2,46,15

p_carry
25,8,110,32,18,30,53,64,58,67,150,135,21,27,140,68,62,85,39,4,65,125,5,47,20,34,22,56,17,59,9,115,60,61,54,69,26,66,49,90,3,155,44,130,63,29,24,45,75,52,1,37,80,19,55,31,12,11,51,70,48,7,95,16,40,33,57,43,10,13,145,41,36,14,105,38,120,100,160,28,42,6,50,35,23,2,46,15
