1246378405429915312532485865240202132152583386430
784054299153125324858652402021321525833864307621
840542991531253248586524020213215258338643076214 
991531253248586524020213215258338643076214814468  
915312532485865240202132152583386430762148144684 
1253248586524020213215258338643076214814468447630 
858652402021321525833864307621481446844763050149 
1326093679998364004747100419105194353286137352850
955289870252627338923850508847033310878300606563 
898702526273389238505088470333108783006065632615 
987025262733892385050884703331087830060656326153 
990670274695922159204039032229660424511768680650 
906702746959221592040390322296604245117686806500 
746959221592040390322296604245117686806500748372 
959221592040390322296604245117686806500748372930 
922159204039032229660424511768680650074837293019 
920403903222966042451176868065007483729301938362 
903222966042451176868065007483729301938362925663


rmd160 barcode
1326093679998364004747100419105194353286137352850
936799983640047471004191051943532861373528501326
799983640047471004191051943532861373528501326093	
999836400474710041910519435328613735285013260936	
998364004747100419105194353286137352850132609367
983640047471004191051943532861373528501326093679
836400474710041910519435328613735285013260936799
747100419105194353286137352850132609367999836400
910519435328613735285013260936799983640047471004
943532861373528501326093679998364004747100419105
861373528501326093679998364004747100419105194353
735285013260936799983640047471004191051943532861
850132609367999836400474710041910519435328613735
	
y barcode
88132823371574229813684435207239348220522140366126834573803505878170136640646
881328233715742298136844352072393482205221403661
813282337157422981368443520723934822052214036612
1328233715742298136844352072393482205221403661268
823371574229813684435207239348220522140366126834
742298136844352072393482205221403661268345738035
981368443520723934822052214036612683457380350587
813684435207239348220522140366126834573803505878
1368443520723934822052214036612683457380350587817
844352072393482205221403661268345738035058781701
934822052214036612683457380350587817013664064688
822052214036612683457380350587817013664064688132
1403661268345738035058781701366406468813282337157
1268345738035058781701366406468813282337157422981
834573803505878170136640646881328233715742298136
738035058781701366406468813282337157422981368443
803505878170136640646881328233715742298136844352
878170136640646881328233715742298136844352072393
781701366406468813282337157422981368443520723932
817013664064688132823371574229813684435207239348
1366406468813282337157422981368443520723934822052






x barcode
101616124637840542991531253248586524020213215258338643076214814468447630501491
1016161246378405429915312532485865240202132152583
1246378405429915312532485865240202132152583386430
784054299153125324858652402021321525833864307621
840542991531253248586524020213215258338643076214
991531253248586524020213215258338643076214814468
915312532485865240202132152583386430762148144684
1253248586524020213215258338643076214814468447630
858652402021321525833864307621481446844763050149
1321525833864307621481446844763050149110161612463
833864307621481446844763050149110161612463784054
864307621481446844763050149110161612463784054299
762148144684476305014911016161246378405429915312
814468447630501491101616124637840542991531253248
844763050149110161612463784054299153125324858652
763050149110161612463784054299153125324858652402
911016161246378405429915312532485865240202132152




(y^2 = x^3 + 7) mod p  barcode
98931842703096536383023310437099867537616869159883637007323156957547593127931
893184270309653638302331043709986753761686915988
931842703096536383023310437099867537616869159883
842703096536383023310437099867537616869159883637
965363830233104370998675376168691598836370073231
830233104370998675376168691598836370073231569575
1043709986753761686915988363700732315695754759312
998675376168691598836370073231569575475931279319
986753761686915988363700732315695754759312793198
867537616869159883637007323156957547593127931989
753761686915988363700732315695754759312793198931
761686915988363700732315695754759312793198931842
869159883637007323156957547593127931989318427030
915988363700732315695754759312793198931842703096
988363700732315695754759312793198931842703096536
883637007323156957547593127931989318427030965363
836370073231569575475931279319893184270309653638
732315695754759312793198931842703096536383023310
957547593127931989318427030965363830233104370998
754759312793198931842703096536383023310437099867
759312793198931842703096536383023310437099867537
931279319893184270309653638302331043709986753761
1279319893184270309653638302331043709986753761686
793198931842703096536383023310437099867537616869
931989318427030965363830233104370998675376168691






