=== ROW ORDER = rank(sha256_vh) ===
  n sha2 h160   Px   Py neg_  Y2p  X3p y2_f x3pl p_ca    r    s    z   Ry  sVH
------------------------------------------------------------------------------
121    1   98                                                                1
 51    2  145   59   48   41   14   14   48   59   59   85   39   49   43    2
143    3   11                                                                3
 48    4   80   61   32   57   85   85   32   61   61   59   14   80   68    4
131    5   33                                                                5
 16    6   62   64   49   40    1    1   49   64   64   60   52   48   63    6
 86    7  112                                                                7
 64    8   32    8   28   61   45   45   28    8    8   28   69   82   31    8
 98    9   75                                                                9
 52   10   29   50   79   10   40   40   79   50   50   43   54   73    6   10
 58   11   82    9   29   60   41   41   29    9    9   21   31   77   42   11
 82   12   13                                                               12
 39   13    4   19   19   70   32   32   19   19   19   46    3   26   53   13
 22   14   77   27   43   46   74   74   43   27   27    7   10   72   44   14
 17   15  105   29   22   67   69   69   22   29   29   33   88   42    8   15
 47   16  153   24   67   22   64   64   67   24   24   67   42   15   15   16
 99   17  111                                                               17
146   18  128                                                               18
 14   19   88   74   45   44   19   19   45   74   74   70   58   41   58   19
 90   20  120   40   60   29   81   81   60   40   40    2   80   67   39   20
 62   21  136   17   23   66   50   50   23   17   17   48   73   71   78   21
138   22   58                                                               22
 63   23  144   45   30   59   80   80   30   45   45   76    8   12   10   23
 77   24   67                                                               24
 34   25  148   26   71   18   23   23   71   26   26    8   24   23   25   25
 93   26   35                                                               26
 56   27   36   28   80    9    5    5   80   28   28   41   68   38   29   27
148   28   95                                                               28
117   29  115                                                               29
156   30   92                                                               30
101   31   69                                                               31
136   32    2                                                               32
  4   33   87   20   31   58   62   62   31   20   20   62   70   69   13   33
 72   34  109                                                               34
 32   35   91    4   27   62   20   20   27    4    4   81   59   45   57   35
 68   36  132   16   11   78   77   77   11   16   16   32   13   16    4   36
113   37  141                                                               37
125   38  151   22   14   75   70   70   14   22   22   10   72   37   79   38
 81   39   28                                                               39
 60   40  118   33   72   17   36   36   72   33   33   77   67   61    1   40
 57   41   25   67   42   47   44   44   42   67   67   83   63   44   56   41
  9   42   72   31   51   38    3    3   51   31   31    3   50    3   18   42
 18   43   99    5   53   36   63   63   53    5    5    5   85   68   67   43
 97   44   45                                                               44
157   45   15                                                               45
  2   46   73   86   21   68   82   82   21   86   86   37   64   59   80   46
 27   47    5   14    3   86    4    4    3   14   14   68   48    8   70   47
118   48  147                                                               48
 26   49  110   37    6   83   47   47    6   37   37   23   49   75   82   49
114   50   34                                                               50
 24   51    3   47   76   13   48   48   76   47   47   52   20   36   72   51
 94   52  113                                                               52
152   53  126                                                               53
 25   54   22    1   64   25   61   61   64    1    1   12   78   56   40   54
 43   55  155   68   69   20   56   56   69   68   68   27   25    5   46   55
 38   56  104   76   20   69   60   60   20   76   76   88   66   50   55   56
 79   57   55                                                               57
150   58  131   11   87    2   16   16   87   11   11   87   32   66        58
132   59  119                                                               59
 61   60   56   34   75   14   67   67   75   34   34   38   12   81   38   60
141   61   68                                                               61
155   62   60   42   86    3   88   88   86   42   42   84   16   47        62
 83   63   16                                                               63
120   64   37   77   15   74   66   66   15   77   77   58   15   46   34   64
 88   65   30                                                               65
 13   66  156   70   17   72   83   83   17   70   70   86   33   30   12   66
 66   67   14   38   46   43   39   39   46   38   38   20   23   31   22   67
158   68   53                                                               68
  8   69  129    2   74   15   11   11   74    2    2   36    4   64   26   69
126   70   57                                                               70
 46   71   90   87   59   30   34   34   59   87   87   64   79   43   17   71
139   72   96                                                               72
122   73  135                                                               73
 80   74   61   53   36   53   15   15   36   53   53   51   28   25   23   74
123   75   76                                                               75
 70   76   49   60   78   11   31   31   78   60   60   22   45   87   59   76
 76   77   81                                                               77
  5   78   84   23   18   71   51   51   18   23   23   47   35   20   28   78
 67   79   63   10   84    5   38   38   84   10   10   42   76    4   41   79
 95   80   51   63   58   31   12   12   58   63   63   78   44   40   21   80
116   81  137                                                               81
 50   82  130   83   83    6   52   52   83   83   83   25   43   13   75   82
 74   83   93                                                               83
 59   84  102   30    8   81   37   37    8   30   30   53   11   17   61   84
135   85   31   12   38   51   59   59   38   12   12   71   22   54        85
 37   86   17   52   34   55   84   84   34   52   52   63   36   39   48   86
105   87   70   75    5   84   55   55    5   75   75   15   34   58   24   87
 31   88  125   56   24   65   10   10   24   56   56   39   51   63   11   88
  7   89  134   62   66   23   76   76   66   62   62   69    9    9   52   89
 71   90  150                                                               90
115   91  139   32   39   50   46   46   39   32   32   55    5    1   47   91
110   92    7    3    2   87   72   72    2    3    3   19   38    2   69   92
130   93   94   44   62   27   58   58   62   44   44   57   19   51   45   93
106   94   42                                                               94
119   95  100                                                               95
159   96   19                                                               96
100   97  114   78   50   39   35   35   50   78   78   34   56   11   76   97
  3   98   50   41   40   49   73   73   40   41   41   31   18   74   33   98
147   99   44                                                               99
 15  100  159   88   70   19   65   65   70   88   88   61   83   28   16  100
160  101  138   79   68   21   78   78   68   79   79   40   30   62       101
145  102   47   71   33   56   33   33   33   71   71   54    7    7       102
142  103   24                                                              103
144  104  142                                                              104
 30  105  123    6   63   26   42   42   63    6    6   66    2   32   50  105
 87  106  158                                                              106
104  107   85                                                              107
 49  108    6   39   65   24   17   17   65   39   39   49   61   10    5  108
 53  109   23    7   37   52   29   29   37    7    7   45   62    6   14  109
 33  110   40   66    4   85    2    2    4   66   66   65   17   65   19  110
 96  111   20                                                              111
128  112  133                                                              112
 45  113  146   48   61   28   57   57   61   48   48   72   57   86   30  113
 73  114    8                                                              114
102  115  152                                                              115
154  116  143                                                              116
 92  117   54                                                              117
140  118  160   15   88    1    8    8   88   15   15   80   21   88       118
 42  119   83   81   13   76   18   18   13   81   81   82   27   34   71  119
 21  120   18   13   16   73   22   22   16   13   13   44   74   78    9  120
 20  121  106   25   52   37   79   79   52   25   25   18   29   22   20  121
 29  122   46   46   85    4   43   43   85   46   46   73   60   27   27  122
 54  123  116   35    1   88    7    7    1   35   35   14   75   35    3  123
 85  124  117   18    9   80   26   26    9   18   18    4   81   29   62  124
 84  125   71                                                              125
 91  126   89                                                              126
124  127   66                                                              127
149  128   74                                                              128
109  129  101                                                              129
137  130   26                                                              130
 19  131  140   54   25   64   68   68   25   54   54   17   55   79   32  131
  1  132   65   51   26   63   24   24   26   51   51   11   82   76   54  132
108  133  103                                                              133
129  134  107                                                              134
 10  135  124   69   77   12   27   27   77   69   69   56   41   24   51  135
 78  136   27                                                              136
 55  137  127   55   10   79   25   25   10   55   55   74   26   33    2  137
 23  138  121   85   55   34    6    6   55   85   85    1   53   57   73  138
 89  139   48                                                              139
 44  140   78   43   44   45   71   71   44   43   43   24   65   52   74  140
134  141   10                                                              141
151  142   12                                                              142
127  143   97                                                              143
 69  144   52   36   73   16   86   86   73   36   36    6    6   55   77  144
  6  145  157   82   81    8   30   30   81   82   82   30    1   19   65  145
 40  146   86   65   47   42    9    9   47   65   65   75   40   60    7  146
111  147   39                                                              147
 41  148  122   72   56   33   75   75   56   72   72   50   77   70   37  148
 12  149   79   57   35   54   87   87   35   57   57   16   37   83   36  149
112  150   41                                                              150
107  151   21                                                              151
153  152   38                                                              152
 35  153  149   84   54   35   28   28   54   84   84   29   86   53   60  153
 36  154   64   73   41   48   53   53   41   73   73   26   87   84   64  154
 11  155  154   58   12   77   21   21   12   58   58    9   84   14   49  155
133  156    1                                                              156
 75  157  108   49   57   32   54   54   57   49   49   13   47   85   35  157
103  158   59                                                              158
 65  159   43   21   82    7   13   13   82   21   21   35   46   18   66  159
 28  160    9   80    7   82   49   49    7   80   80   79   71   21   81  160

