=== ROW ORDER = rank(addr_y) ===
  n addr h160   Px   Py neg_  Y2p  X3p y2_f x3pl p_ca    r    s    z   Ry  sVH
------------------------------------------------------------------------------
 24    1    3   47   76   13   48   48   76   47   47   52   20   36   72   51
 92    2   54                                                              117
 88    3   30                                                               65
132    4  119                                                               59
 85    5  117   18    9   80   26   26    9   18   18    4   81   29   62  124
108    6  103                                                              133
150    7  131   11   87    2   16   16   87   11   11   87   32   66        58
133    8    1                                                              156
158    9   53                                                               68
 30   10  123    6   63   26   42   42   63    6    6   66    2   32   50  105
101   11   69                                                               31
130   12   94   44   62   27   58   58   62   44   44   57   19   51   45   93
 49   13    6   39   65   24   17   17   65   39   39   49   61   10    5  108
 32   14   91    4   27   62   20   20   27    4    4   81   59   45   57   35
 72   15  109                                                               34
 42   16   83   81   13   76   18   18   13   81   81   82   27   34   71  119
 73   17    8                                                              114
 57   18   25   67   42   47   44   44   42   67   67   83   63   44   56   41
106   19   42                                                               94
127   20   97                                                              143
134   21   10                                                              141
128   22  133                                                              112
137   23   26                                                              130
124   24   66                                                              127
147   25   44                                                               99
 99   26  111                                                               17
 16   27   62   64   49   40    1    1   49   64   64   60   52   48   63    6
 33   28   40   66    4   85    2    2    4   66   66   65   17   65   19  110
 86   29  112                                                                7
 20   30  106   25   52   37   79   79   52   25   25   18   29   22   20  121
 21   31   18   13   16   73   22   22   16   13   13   44   74   78    9  120
 87   32  158                                                              106
141   33   68                                                               61
 44   34   78   43   44   45   71   71   44   43   43   24   65   52   74  140
 68   35  132   16   11   78   77   77   11   16   16   32   13   16    4   36
131   36   33                                                                5
 77   37   67                                                               24
126   38   57                                                               70
149   39   74                                                              128
139   40   96                                                               72
 26   41  110   37    6   83   47   47    6   37   37   23   49   75   82   49
  3   42   50   41   40   49   73   73   40   41   41   31   18   74   33   98
 64   43   32    8   28   61   45   45   28    8    8   28   69   82   31    8
 14   44   88   74   45   44   19   19   45   74   74   70   58   41   58   19
 70   45   49   60   78   11   31   31   78   60   60   22   45   87   59   76
110   46    7    3    2   87   72   72    2    3    3   19   38    2   69   92
100   47  114   78   50   39   35   35   50   78   78   34   56   11   76   97
  4   48   87   20   31   58   62   62   31   20   20   62   70   69   13   33
 13   49  156   70   17   72   83   83   17   70   70   86   33   30   12   66
  7   50  134   62   66   23   76   76   66   62   62   69    9    9   52   89
  1   51   65   51   26   63   24   24   26   51   51   11   82   76   54  132
 91   52   89                                                              126
 51   53  145   59   48   41   14   14   48   59   59   85   39   49   43    2
143   54   11                                                                3
 31   55  125   56   24   65   10   10   24   56   56   39   51   63   11   88
160   56  138   79   68   21   78   78   68   79   79   40   30   62       101
  8   57  129    2   74   15   11   11   74    2    2   36    4   64   26   69
 39   58    4   19   19   70   32   32   19   19   19   46    3   26   53   13
114   59   34                                                               50
 11   60  154   58   12   77   21   21   12   58   58    9   84   14   49  155
116   61  137                                                               81
 56   62   36   28   80    9    5    5   80   28   28   41   68   38   29   27
 96   63   20                                                              111
105   64   70   75    5   84   55   55    5   75   75   15   34   58   24   87
153   65   38                                                              152
 28   66    9   80    7   82   49   49    7   80   80   79   71   21   81  160
 89   67   48                                                              139
 59   68  102   30    8   81   37   37    8   30   30   53   11   17   61   84
 83   69   16                                                               63
 80   70   61   53   36   53   15   15   36   53   53   51   28   25   23   74
 67   71   63   10   84    5   38   38   84   10   10   42   76    4   41   79
140   72  160   15   88    1    8    8   88   15   15   80   21   88       118
152   73  126                                                               53
 61   74   56   34   75   14   67   67   75   34   34   38   12   81   38   60
145   75   47   71   33   56   33   33   33   71   71   54    7    7       102
 53   76   23    7   37   52   29   29   37    7    7   45   62    6   14  109
107   77   21                                                              151
 95   78   51   63   58   31   12   12   58   63   63   78   44   40   21   80
135   79   31   12   38   51   59   59   38   12   12   71   22   54        85
144   80  142                                                              104
  6   81  157   82   81    8   30   30   81   82   82   30    1   19   65  145
125   82  151   22   14   75   70   70   14   22   22   10   72   37   79   38
 25   83   22    1   64   25   61   61   64    1    1   12   78   56   40   54
 19   84  140   54   25   64   68   68   25   54   54   17   55   79   32  131
138   85   58                                                               22
103   86   59                                                              158
104   87   85                                                              107
 46   88   90   87   59   30   34   34   59   87   87   64   79   43   17   71
 12   89   79   57   35   54   87   87   35   57   57   16   37   83   36  149
119   90  100                                                               95
  9   91   72   31   51   38    3    3   51   31   31    3   50    3   18   42
146   92  128                                                               18
111   93   39                                                              147
115   94  139   32   39   50   46   46   39   32   32   55    5    1   47   91
 74   95   93                                                               83
117   96  115                                                               29
 94   97  113                                                               52
 63   98  144   45   30   59   80   80   30   45   45   76    8   12   10   23
 54   99  116   35    1   88    7    7    1   35   35   14   75   35    3  123
109  100  101                                                              129
 15  101  159   88   70   19   65   65   70   88   88   61   83   28   16  100
 50  102  130   83   83    6   52   52   83   83   83   25   43   13   75   82
 76  103   81                                                               77
 93  104   35                                                               26
129  105  107                                                              134
154  106  143                                                              116
 55  107  127   55   10   79   25   25   10   55   55   74   26   33    2  137
 71  108  150                                                               90
 45  109  146   48   61   28   57   57   61   48   48   72   57   86   30  113
 75  110  108   49   57   32   54   54   57   49   49   13   47   85   35  157
 10  111  124   69   77   12   27   27   77   69   69   56   41   24   51  135
  2  112   73   86   21   68   82   82   21   86   86   37   64   59   80   46
 41  113  122   72   56   33   75   75   56   72   72   50   77   70   37  148
 43  114  155   68   69   20   56   56   69   68   68   27   25    5   46   55
 48  115   80   61   32   57   85   85   32   61   61   59   14   80   68    4
 60  116  118   33   72   17   36   36   72   33   33   77   67   61    1   40
 40  117   86   65   47   42    9    9   47   65   65   75   40   60    7  146
 58  118   82    9   29   60   41   41   29    9    9   21   31   77   42   11
151  119   12                                                              142
  5  120   84   23   18   71   51   51   18   23   23   47   35   20   28   78
142  121   24                                                              103
 27  122    5   14    3   86    4    4    3   14   14   68   48    8   70   47
102  123  152                                                              115
 52  124   29   50   79   10   40   40   79   50   50   43   54   73    6   10
 35  125  149   84   54   35   28   28   54   84   84   29   86   53   60  153
 37  126   17   52   34   55   84   84   34   52   52   63   36   39   48   86
 69  127   52   36   73   16   86   86   73   36   36    6    6   55   77  144
 29  128   46   46   85    4   43   43   85   46   46   73   60   27   27  122
 81  129   28                                                               39
 18  130   99    5   53   36   63   63   53    5    5    5   85   68   67   43
 82  131   13                                                               12
 90  132  120   40   60   29   81   81   60   40   40    2   80   67   39   20
122  133  135                                                               73
113  134  141                                                               37
155  135   60   42   86    3   88   88   86   42   42   84   16   47        62
 79  136   55                                                               57
 38  137  104   76   20   69   60   60   20   76   76   88   66   50   55   56
159  138   19                                                               96
148  139   95                                                               28
156  140   92                                                               30
 98  141   75                                                                9
121  142   98                                                                1
 23  143  121   85   55   34    6    6   55   85   85    1   53   57   73  138
118  144  147                                                               48
112  145   41                                                              150
123  146   76                                                               75
136  147    2                                                               32
 84  148   71                                                              125
 47  149  153   24   67   22   64   64   67   24   24   67   42   15   15   16
157  150   15                                                               45
 97  151   45                                                               44
 36  152   64   73   41   48   53   53   41   73   73   26   87   84   64  154
 22  153   77   27   43   46   74   74   43   27   27    7   10   72   44   14
 66  154   14   38   46   43   39   39   46   38   38   20   23   31   22   67
 34  155  148   26   71   18   23   23   71   26   26    8   24   23   25   25
 17  156  105   29   22   67   69   69   22   29   29   33   88   42    8   15
 78  157   27                                                              136
 65  158   43   21   82    7   13   13   82   21   21   35   46   18   66  159
 62  159  136   17   23   66   50   50   23   17   17   48   73   71   78   21
120  160   37   77   15   74   66   66   15   77   77   58   15   46   34   64

