=== ROW ORDER = rank(x3plus7_full) ===
  n x3pl h160   Px   Py neg_  Y2p  X3p y2_f p_ca    r    s    z   Ry  sVH sCHK
------------------------------------------------------------------------------
 25    1   22    1   64   25   61   61   64    1   12   78   56   40   54   83
  8    2  129    2   74   15   11   11   74    2   36    4   64   26   69   57
110    3    7    3    2   87   72   72    2    3   19   38    2   69   92   46
 32    4   91    4   27   62   20   20   27    4   81   59   45   57   35   14
 18    5   99    5   53   36   63   63   53    5    5   85   68   67   43  130
 30    6  123    6   63   26   42   42   63    6   66    2   32   50  105   10
 53    7   23    7   37   52   29   29   37    7   45   62    6   14  109   76
 64    8   32    8   28   61   45   45   28    8   28   69   82   31    8   43
 58    9   82    9   29   60   41   41   29    9   21   31   77   42   11  118
 67   10   63   10   84    5   38   38   84   10   42   76    4   41   79   71
150   11  131   11   87    2   16   16   87   11   87   32   66        58    7
135   12   31   12   38   51   59   59   38   12   71   22   54        85   79
 21   13   18   13   16   73   22   22   16   13   44   74   78    9  120   31
 27   14    5   14    3   86    4    4    3   14   68   48    8   70   47  122
140   15  160   15   88    1    8    8   88   15   80   21   88       118   72
 68   16  132   16   11   78   77   77   11   16   32   13   16    4   36   35
 62   17  136   17   23   66   50   50   23   17   48   73   71   78   21  159
 85   18  117   18    9   80   26   26    9   18    4   81   29   62  124    5
 39   19    4   19   19   70   32   32   19   19   46    3   26   53   13   58
  4   20   87   20   31   58   62   62   31   20   62   70   69   13   33   48
 65   21   43   21   82    7   13   13   82   21   35   46   18   66  159  158
125   22  151   22   14   75   70   70   14   22   10   72   37   79   38   82
  5   23   84   23   18   71   51   51   18   23   47   35   20   28   78  120
 47   24  153   24   67   22   64   64   67   24   67   42   15   15   16  149
 20   25  106   25   52   37   79   79   52   25   18   29   22   20  121   30
 34   26  148   26   71   18   23   23   71   26    8   24   23   25   25  155
 22   27   77   27   43   46   74   74   43   27    7   10   72   44   14  153
 56   28   36   28   80    9    5    5   80   28   41   68   38   29   27   62
 17   29  105   29   22   67   69   69   22   29   33   88   42    8   15  156
 59   30  102   30    8   81   37   37    8   30   53   11   17   61   84   68
  9   31   72   31   51   38    3    3   51   31    3   50    3   18   42   91
115   32  139   32   39   50   46   46   39   32   55    5    1   47   91   94
 60   33  118   33   72   17   36   36   72   33   77   67   61    1   40  116
 61   34   56   34   75   14   67   67   75   34   38   12   81   38   60   74
 54   35  116   35    1   88    7    7    1   35   14   75   35    3  123   99
 69   36   52   36   73   16   86   86   73   36    6    6   55   77  144  127
 26   37  110   37    6   83   47   47    6   37   23   49   75   82   49   41
 66   38   14   38   46   43   39   39   46   38   20   23   31   22   67  154
 49   39    6   39   65   24   17   17   65   39   49   61   10    5  108   13
 90   40  120   40   60   29   81   81   60   40    2   80   67   39   20  132
  3   41   50   41   40   49   73   73   40   41   31   18   74   33   98   42
155   42   60   42   86    3   88   88   86   42   84   16   47        62  135
 44   43   78   43   44   45   71   71   44   43   24   65   52   74  140   34
130   44   94   44   62   27   58   58   62   44   57   19   51   45   93   12
 63   45  144   45   30   59   80   80   30   45   76    8   12   10   23   98
 29   46   46   46   85    4   43   43   85   46   73   60   27   27  122  128
 24   47    3   47   76   13   48   48   76   47   52   20   36   72   51    1
 45   48  146   48   61   28   57   57   61   48   72   57   86   30  113  109
 75   49  108   49   57   32   54   54   57   49   13   47   85   35  157  110
 52   50   29   50   79   10   40   40   79   50   43   54   73    6   10  124
  1   51   65   51   26   63   24   24   26   51   11   82   76   54  132   51
 37   52   17   52   34   55   84   84   34   52   63   36   39   48   86  126
 80   53   61   53   36   53   15   15   36   53   51   28   25   23   74   70
 19   54  140   54   25   64   68   68   25   54   17   55   79   32  131   84
 55   55  127   55   10   79   25   25   10   55   74   26   33    2  137  107
 31   56  125   56   24   65   10   10   24   56   39   51   63   11   88   55
 12   57   79   57   35   54   87   87   35   57   16   37   83   36  149   89
 11   58  154   58   12   77   21   21   12   58    9   84   14   49  155   60
 51   59  145   59   48   41   14   14   48   59   85   39   49   43    2   53
 70   60   49   60   78   11   31   31   78   60   22   45   87   59   76   45
 48   61   80   61   32   57   85   85   32   61   59   14   80   68    4  115
  7   62  134   62   66   23   76   76   66   62   69    9    9   52   89   50
 95   63   51   63   58   31   12   12   58   63   78   44   40   21   80   78
 16   64   62   64   49   40    1    1   49   64   60   52   48   63    6   27
 40   65   86   65   47   42    9    9   47   65   75   40   60    7  146  117
 33   66   40   66    4   85    2    2    4   66   65   17   65   19  110   28
 57   67   25   67   42   47   44   44   42   67   83   63   44   56   41   18
 43   68  155   68   69   20   56   56   69   68   27   25    5   46   55  114
 10   69  124   69   77   12   27   27   77   69   56   41   24   51  135  111
 13   70  156   70   17   72   83   83   17   70   86   33   30   12   66   49
145   71   47   71   33   56   33   33   33   71   54    7    7       102   75
 41   72  122   72   56   33   75   75   56   72   50   77   70   37  148  113
 36   73   64   73   41   48   53   53   41   73   26   87   84   64  154  152
 14   74   88   74   45   44   19   19   45   74   70   58   41   58   19   44
105   75   70   75    5   84   55   55    5   75   15   34   58   24   87   64
 38   76  104   76   20   69   60   60   20   76   88   66   50   55   56  137
120   77   37   77   15   74   66   66   15   77   58   15   46   34   64  160
100   78  114   78   50   39   35   35   50   78   34   56   11   76   97   47
160   79  138   79   68   21   78   78   68   79   40   30   62       101   56
 28   80    9   80    7   82   49   49    7   80   79   71   21   81  160   66
 42   81   83   81   13   76   18   18   13   81   82   27   34   71  119   16
  6   82  157   82   81    8   30   30   81   82   30    1   19   65  145   81
 50   83  130   83   83    6   52   52   83   83   25   43   13   75   82  102
 35   84  149   84   54   35   28   28   54   84   29   86   53   60  153  125
 23   85  121   85   55   34    6    6   55   85    1   53   57   73  138  143
  2   86   73   86   21   68   82   82   21   86   37   64   59   80   46  112
 46   87   90   87   59   30   34   34   59   87   64   79   43   17   71   88
 15   88  159   88   70   19   65   65   70   88   61   83   28   16  100  101
 71       150                                                          90  108
 72       109                                                          34   15
 73         8                                                         114   17
 74        93                                                          83   95
 76        81                                                          77  103
 77        67                                                          24   37
 78        27                                                         136  157
 79        55                                                          57  136
 81        28                                                          39  129
 82        13                                                          12  131
 83        16                                                          63   69
 84        71                                                         125  148
 86       112                                                           7   29
 87       158                                                         106   32
 88        30                                                          65    3
 89        48                                                         139   67
 91        89                                                         126   52
 92        54                                                         117    2
 93        35                                                          26  104
 94       113                                                          52   97
 96        20                                                         111   63
 97        45                                                          44  151
 98        75                                                           9  141
 99       111                                                          17   26
101        69                                                          31   11
102       152                                                         115  123
103        59                                                         158   86
104        85                                                         107   87
106        42                                                          94   19
107        21                                                         151   77
108       103                                                         133    6
109       101                                                         129  100
111        39                                                         147   93
112        41                                                         150  145
113       141                                                          37  134
114        34                                                          50   59
116       137                                                          81   61
117       115                                                          29   96
118       147                                                          48  144
119       100                                                          95   90
121        98                                                           1  142
122       135                                                          73  133
123        76                                                          75  146
124        66                                                         127   24
126        57                                                          70   38
127        97                                                         143   20
128       133                                                         112   22
129       107                                                         134  105
131        33                                                           5   36
132       119                                                          59    4
133         1                                                         156    8
134        10                                                         141   21
136         2                                                          32  147
137        26                                                         130   23
138        58                                                          22   85
139        96                                                          72   40
141        68                                                          61   33
142        24                                                         103  121
143        11                                                           3   54
144       142                                                         104   80
146       128                                                          18   92
147        44                                                          99   25
148        95                                                          28  139
149        74                                                         128   39
151        12                                                         142  119
152       126                                                          53   73
153        38                                                         152   65
154       143                                                         116  106
156        92                                                          30  140
157        15                                                          45  150
158        53                                                          68    9
159        19                                                          96  138

