=== ROW ORDER = rank(Ry) ===
  n   Ry h160   Px   Py neg_  Y2p  X3p y2_f x3pl p_ca    r    s    z  sVH sCHK
------------------------------------------------------------------------------
 60    1  118   33   72   17   36   36   72   33   33   77   67   61   40  116
 55    2  127   55   10   79   25   25   10   55   55   74   26   33  137  107
 54    3  116   35    1   88    7    7    1   35   35   14   75   35  123   99
 68    4  132   16   11   78   77   77   11   16   16   32   13   16   36   35
 49    5    6   39   65   24   17   17   65   39   39   49   61   10  108   13
 52    6   29   50   79   10   40   40   79   50   50   43   54   73   10  124
 40    7   86   65   47   42    9    9   47   65   65   75   40   60  146  117
 17    8  105   29   22   67   69   69   22   29   29   33   88   42   15  156
 21    9   18   13   16   73   22   22   16   13   13   44   74   78  120   31
 63   10  144   45   30   59   80   80   30   45   45   76    8   12   23   98
 31   11  125   56   24   65   10   10   24   56   56   39   51   63   88   55
 13   12  156   70   17   72   83   83   17   70   70   86   33   30   66   49
  4   13   87   20   31   58   62   62   31   20   20   62   70   69   33   48
 53   14   23    7   37   52   29   29   37    7    7   45   62    6  109   76
 47   15  153   24   67   22   64   64   67   24   24   67   42   15   16  149
 15   16  159   88   70   19   65   65   70   88   88   61   83   28  100  101
 46   17   90   87   59   30   34   34   59   87   87   64   79   43   71   88
  9   18   72   31   51   38    3    3   51   31   31    3   50    3   42   91
 33   19   40   66    4   85    2    2    4   66   66   65   17   65  110   28
 20   20  106   25   52   37   79   79   52   25   25   18   29   22  121   30
 95   21   51   63   58   31   12   12   58   63   63   78   44   40   80   78
 66   22   14   38   46   43   39   39   46   38   38   20   23   31   67  154
 80   23   61   53   36   53   15   15   36   53   53   51   28   25   74   70
105   24   70   75    5   84   55   55    5   75   75   15   34   58   87   64
 34   25  148   26   71   18   23   23   71   26   26    8   24   23   25  155
  8   26  129    2   74   15   11   11   74    2    2   36    4   64   69   57
 29   27   46   46   85    4   43   43   85   46   46   73   60   27  122  128
  5   28   84   23   18   71   51   51   18   23   23   47   35   20   78  120
 56   29   36   28   80    9    5    5   80   28   28   41   68   38   27   62
 45   30  146   48   61   28   57   57   61   48   48   72   57   86  113  109
 64   31   32    8   28   61   45   45   28    8    8   28   69   82    8   43
 19   32  140   54   25   64   68   68   25   54   54   17   55   79  131   84
  3   33   50   41   40   49   73   73   40   41   41   31   18   74   98   42
120   34   37   77   15   74   66   66   15   77   77   58   15   46   64  160
 75   35  108   49   57   32   54   54   57   49   49   13   47   85  157  110
 12   36   79   57   35   54   87   87   35   57   57   16   37   83  149   89
 41   37  122   72   56   33   75   75   56   72   72   50   77   70  148  113
 61   38   56   34   75   14   67   67   75   34   34   38   12   81   60   74
 90   39  120   40   60   29   81   81   60   40   40    2   80   67   20  132
 25   40   22    1   64   25   61   61   64    1    1   12   78   56   54   83
 67   41   63   10   84    5   38   38   84   10   10   42   76    4   79   71
 58   42   82    9   29   60   41   41   29    9    9   21   31   77   11  118
 51   43  145   59   48   41   14   14   48   59   59   85   39   49    2   53
 22   44   77   27   43   46   74   74   43   27   27    7   10   72   14  153
130   45   94   44   62   27   58   58   62   44   44   57   19   51   93   12
 43   46  155   68   69   20   56   56   69   68   68   27   25    5   55  114
115   47  139   32   39   50   46   46   39   32   32   55    5    1   91   94
 37   48   17   52   34   55   84   84   34   52   52   63   36   39   86  126
 11   49  154   58   12   77   21   21   12   58   58    9   84   14  155   60
 30   50  123    6   63   26   42   42   63    6    6   66    2   32  105   10
 10   51  124   69   77   12   27   27   77   69   69   56   41   24  135  111
  7   52  134   62   66   23   76   76   66   62   62   69    9    9   89   50
 39   53    4   19   19   70   32   32   19   19   19   46    3   26   13   58
  1   54   65   51   26   63   24   24   26   51   51   11   82   76  132   51
 38   55  104   76   20   69   60   60   20   76   76   88   66   50   56  137
 57   56   25   67   42   47   44   44   42   67   67   83   63   44   41   18
 32   57   91    4   27   62   20   20   27    4    4   81   59   45   35   14
 14   58   88   74   45   44   19   19   45   74   74   70   58   41   19   44
 70   59   49   60   78   11   31   31   78   60   60   22   45   87   76   45
 35   60  149   84   54   35   28   28   54   84   84   29   86   53  153  125
 59   61  102   30    8   81   37   37    8   30   30   53   11   17   84   68
 85   62  117   18    9   80   26   26    9   18   18    4   81   29  124    5
 16   63   62   64   49   40    1    1   49   64   64   60   52   48    6   27
 36   64   64   73   41   48   53   53   41   73   73   26   87   84  154  152
  6   65  157   82   81    8   30   30   81   82   82   30    1   19  145   81
 65   66   43   21   82    7   13   13   82   21   21   35   46   18  159  158
 18   67   99    5   53   36   63   63   53    5    5    5   85   68   43  130
 48   68   80   61   32   57   85   85   32   61   61   59   14   80    4  115
110   69    7    3    2   87   72   72    2    3    3   19   38    2   92   46
 27   70    5   14    3   86    4    4    3   14   14   68   48    8   47  122
 42   71   83   81   13   76   18   18   13   81   81   82   27   34  119   16
 24   72    3   47   76   13   48   48   76   47   47   52   20   36   51    1
 23   73  121   85   55   34    6    6   55   85   85    1   53   57  138  143
 44   74   78   43   44   45   71   71   44   43   43   24   65   52  140   34
 50   75  130   83   83    6   52   52   83   83   83   25   43   13   82  102
100   76  114   78   50   39   35   35   50   78   78   34   56   11   97   47
 69   77   52   36   73   16   86   86   73   36   36    6    6   55  144  127
 62   78  136   17   23   66   50   50   23   17   17   48   73   71   21  159
125   79  151   22   14   75   70   70   14   22   22   10   72   37   38   82
  2   80   73   86   21   68   82   82   21   86   86   37   64   59   46  112
 28   81    9   80    7   82   49   49    7   80   80   79   71   21  160   66
 26   82  110   37    6   83   47   47    6   37   37   23   49   75   49   41
 71       150                                                          90  108
 72       109                                                          34   15
 73         8                                                         114   17
 74        93                                                          83   95
 76        81                                                          77  103
 77        67                                                          24   37
 78        27                                                         136  157
 79        55                                                          57  136
 81        28                                                          39  129
 82        13                                                          12  131
 83        16                                                          63   69
 84        71                                                         125  148
 86       112                                                           7   29
 87       158                                                         106   32
 88        30                                                          65    3
 89        48                                                         139   67
 91        89                                                         126   52
 92        54                                                         117    2
 93        35                                                          26  104
 94       113                                                          52   97
 96        20                                                         111   63
 97        45                                                          44  151
 98        75                                                           9  141
 99       111                                                          17   26
101        69                                                          31   11
102       152                                                         115  123
103        59                                                         158   86
104        85                                                         107   87
106        42                                                          94   19
107        21                                                         151   77
108       103                                                         133    6
109       101                                                         129  100
111        39                                                         147   93
112        41                                                         150  145
113       141                                                          37  134
114        34                                                          50   59
116       137                                                          81   61
117       115                                                          29   96
118       147                                                          48  144
119       100                                                          95   90
121        98                                                           1  142
122       135                                                          73  133
123        76                                                          75  146
124        66                                                         127   24
126        57                                                          70   38
127        97                                                         143   20
128       133                                                         112   22
129       107                                                         134  105
131        33                                                           5   36
132       119                                                          59    4
133         1                                                         156    8
134        10                                                         141   21
135        31   12   38   51   59   59   38   12   12   71   22   54   85   79
136         2                                                          32  147
137        26                                                         130   23
138        58                                                          22   85
139        96                                                          72   40
140       160   15   88    1    8    8   88   15   15   80   21   88  118   72
141        68                                                          61   33
142        24                                                         103  121
143        11                                                           3   54
144       142                                                         104   80
145        47   71   33   56   33   33   33   71   71   54    7    7  102   75
146       128                                                          18   92
147        44                                                          99   25
148        95                                                          28  139
149        74                                                         128   39
150       131   11   87    2   16   16   87   11   11   87   32   66   58    7
151        12                                                         142  119
152       126                                                          53   73
153        38                                                         152   65
154       143                                                         116  106
155        60   42   86    3   88   88   86   42   42   84   16   47   62  135
156        92                                                          30  140
157        15                                                          45  150
158        53                                                          68    9
159        19                                                          96  138
160       138   79   68   21   78   78   68   79   79   40   30   62  101   56

