=== ROW ORDER = rank(s) ===
  n    s h160   Px   Py neg_  Y2p  X3p y2_f x3pl p_ca    r    z   Ry  sVH sCHK
------------------------------------------------------------------------------
  6    1  157   82   81    8   30   30   81   82   82   30   19   65  145   81
 30    2  123    6   63   26   42   42   63    6    6   66   32   50  105   10
 39    3    4   19   19   70   32   32   19   19   19   46   26   53   13   58
  8    4  129    2   74   15   11   11   74    2    2   36   64   26   69   57
115    5  139   32   39   50   46   46   39   32   32   55    1   47   91   94
 69    6   52   36   73   16   86   86   73   36   36    6   55   77  144  127
145    7   47   71   33   56   33   33   33   71   71   54    7       102   75
 63    8  144   45   30   59   80   80   30   45   45   76   12   10   23   98
  7    9  134   62   66   23   76   76   66   62   62   69    9   52   89   50
 22   10   77   27   43   46   74   74   43   27   27    7   72   44   14  153
 59   11  102   30    8   81   37   37    8   30   30   53   17   61   84   68
 61   12   56   34   75   14   67   67   75   34   34   38   81   38   60   74
 68   13  132   16   11   78   77   77   11   16   16   32   16    4   36   35
 48   14   80   61   32   57   85   85   32   61   61   59   80   68    4  115
120   15   37   77   15   74   66   66   15   77   77   58   46   34   64  160
155   16   60   42   86    3   88   88   86   42   42   84   47        62  135
 33   17   40   66    4   85    2    2    4   66   66   65   65   19  110   28
  3   18   50   41   40   49   73   73   40   41   41   31   74   33   98   42
130   19   94   44   62   27   58   58   62   44   44   57   51   45   93   12
 24   20    3   47   76   13   48   48   76   47   47   52   36   72   51    1
140   21  160   15   88    1    8    8   88   15   15   80   88       118   72
135   22   31   12   38   51   59   59   38   12   12   71   54        85   79
 66   23   14   38   46   43   39   39   46   38   38   20   31   22   67  154
 34   24  148   26   71   18   23   23   71   26   26    8   23   25   25  155
 43   25  155   68   69   20   56   56   69   68   68   27    5   46   55  114
 55   26  127   55   10   79   25   25   10   55   55   74   33    2  137  107
 42   27   83   81   13   76   18   18   13   81   81   82   34   71  119   16
 80   28   61   53   36   53   15   15   36   53   53   51   25   23   74   70
 20   29  106   25   52   37   79   79   52   25   25   18   22   20  121   30
160   30  138   79   68   21   78   78   68   79   79   40   62       101   56
 58   31   82    9   29   60   41   41   29    9    9   21   77   42   11  118
150   32  131   11   87    2   16   16   87   11   11   87   66        58    7
 13   33  156   70   17   72   83   83   17   70   70   86   30   12   66   49
105   34   70   75    5   84   55   55    5   75   75   15   58   24   87   64
  5   35   84   23   18   71   51   51   18   23   23   47   20   28   78  120
 37   36   17   52   34   55   84   84   34   52   52   63   39   48   86  126
 12   37   79   57   35   54   87   87   35   57   57   16   83   36  149   89
110   38    7    3    2   87   72   72    2    3    3   19    2   69   92   46
 51   39  145   59   48   41   14   14   48   59   59   85   49   43    2   53
 40   40   86   65   47   42    9    9   47   65   65   75   60    7  146  117
 10   41  124   69   77   12   27   27   77   69   69   56   24   51  135  111
 47   42  153   24   67   22   64   64   67   24   24   67   15   15   16  149
 50   43  130   83   83    6   52   52   83   83   83   25   13   75   82  102
 95   44   51   63   58   31   12   12   58   63   63   78   40   21   80   78
 70   45   49   60   78   11   31   31   78   60   60   22   87   59   76   45
 65   46   43   21   82    7   13   13   82   21   21   35   18   66  159  158
 75   47  108   49   57   32   54   54   57   49   49   13   85   35  157  110
 27   48    5   14    3   86    4    4    3   14   14   68    8   70   47  122
 26   49  110   37    6   83   47   47    6   37   37   23   75   82   49   41
  9   50   72   31   51   38    3    3   51   31   31    3    3   18   42   91
 31   51  125   56   24   65   10   10   24   56   56   39   63   11   88   55
 16   52   62   64   49   40    1    1   49   64   64   60   48   63    6   27
 23   53  121   85   55   34    6    6   55   85   85    1   57   73  138  143
 52   54   29   50   79   10   40   40   79   50   50   43   73    6   10  124
 19   55  140   54   25   64   68   68   25   54   54   17   79   32  131   84
100   56  114   78   50   39   35   35   50   78   78   34   11   76   97   47
 45   57  146   48   61   28   57   57   61   48   48   72   86   30  113  109
 14   58   88   74   45   44   19   19   45   74   74   70   41   58   19   44
 32   59   91    4   27   62   20   20   27    4    4   81   45   57   35   14
 29   60   46   46   85    4   43   43   85   46   46   73   27   27  122  128
 49   61    6   39   65   24   17   17   65   39   39   49   10    5  108   13
 53   62   23    7   37   52   29   29   37    7    7   45    6   14  109   76
 57   63   25   67   42   47   44   44   42   67   67   83   44   56   41   18
  2   64   73   86   21   68   82   82   21   86   86   37   59   80   46  112
 44   65   78   43   44   45   71   71   44   43   43   24   52   74  140   34
 38   66  104   76   20   69   60   60   20   76   76   88   50   55   56  137
 60   67  118   33   72   17   36   36   72   33   33   77   61    1   40  116
 56   68   36   28   80    9    5    5   80   28   28   41   38   29   27   62
 64   69   32    8   28   61   45   45   28    8    8   28   82   31    8   43
  4   70   87   20   31   58   62   62   31   20   20   62   69   13   33   48
 28   71    9   80    7   82   49   49    7   80   80   79   21   81  160   66
125   72  151   22   14   75   70   70   14   22   22   10   37   79   38   82
 62   73  136   17   23   66   50   50   23   17   17   48   71   78   21  159
 21   74   18   13   16   73   22   22   16   13   13   44   78    9  120   31
 54   75  116   35    1   88    7    7    1   35   35   14   35    3  123   99
 67   76   63   10   84    5   38   38   84   10   10   42    4   41   79   71
 41   77  122   72   56   33   75   75   56   72   72   50   70   37  148  113
 25   78   22    1   64   25   61   61   64    1    1   12   56   40   54   83
 46   79   90   87   59   30   34   34   59   87   87   64   43   17   71   88
 90   80  120   40   60   29   81   81   60   40   40    2   67   39   20  132
 85   81  117   18    9   80   26   26    9   18   18    4   29   62  124    5
  1   82   65   51   26   63   24   24   26   51   51   11   76   54  132   51
 15   83  159   88   70   19   65   65   70   88   88   61   28   16  100  101
 11   84  154   58   12   77   21   21   12   58   58    9   14   49  155   60
 18   85   99    5   53   36   63   63   53    5    5    5   68   67   43  130
 35   86  149   84   54   35   28   28   54   84   84   29   53   60  153  125
 36   87   64   73   41   48   53   53   41   73   73   26   84   64  154  152
 17   88  105   29   22   67   69   69   22   29   29   33   42    8   15  156
 71       150                                                          90  108
 72       109                                                          34   15
 73         8                                                         114   17
 74        93                                                          83   95
 76        81                                                          77  103
 77        67                                                          24   37
 78        27                                                         136  157
 79        55                                                          57  136
 81        28                                                          39  129
 82        13                                                          12  131
 83        16                                                          63   69
 84        71                                                         125  148
 86       112                                                           7   29
 87       158                                                         106   32
 88        30                                                          65    3
 89        48                                                         139   67
 91        89                                                         126   52
 92        54                                                         117    2
 93        35                                                          26  104
 94       113                                                          52   97
 96        20                                                         111   63
 97        45                                                          44  151
 98        75                                                           9  141
 99       111                                                          17   26
101        69                                                          31   11
102       152                                                         115  123
103        59                                                         158   86
104        85                                                         107   87
106        42                                                          94   19
107        21                                                         151   77
108       103                                                         133    6
109       101                                                         129  100
111        39                                                         147   93
112        41                                                         150  145
113       141                                                          37  134
114        34                                                          50   59
116       137                                                          81   61
117       115                                                          29   96
118       147                                                          48  144
119       100                                                          95   90
121        98                                                           1  142
122       135                                                          73  133
123        76                                                          75  146
124        66                                                         127   24
126        57                                                          70   38
127        97                                                         143   20
128       133                                                         112   22
129       107                                                         134  105
131        33                                                           5   36
132       119                                                          59    4
133         1                                                         156    8
134        10                                                         141   21
136         2                                                          32  147
137        26                                                         130   23
138        58                                                          22   85
139        96                                                          72   40
141        68                                                          61   33
142        24                                                         103  121
143        11                                                           3   54
144       142                                                         104   80
146       128                                                          18   92
147        44                                                          99   25
148        95                                                          28  139
149        74                                                         128   39
151        12                                                         142  119
152       126                                                          53   73
153        38                                                         152   65
154       143                                                         116  106
156        92                                                          30  140
157        15                                                          45  150
158        53                                                          68    9
159        19                                                          96  138

