=== ROW ORDER = rank(n) ===
  n    n h160   Px   Py neg_  Y2p  X3p y2_f x3pl p_ca    r    s    z   Ry  sVH
------------------------------------------------------------------------------
  1    1   65   51   26   63   24   24   26   51   51   11   82   76   54  132
  2    2   73   86   21   68   82   82   21   86   86   37   64   59   80   46
  3    3   50   41   40   49   73   73   40   41   41   31   18   74   33   98
  4    4   87   20   31   58   62   62   31   20   20   62   70   69   13   33
  5    5   84   23   18   71   51   51   18   23   23   47   35   20   28   78
  6    6  157   82   81    8   30   30   81   82   82   30    1   19   65  145
  7    7  134   62   66   23   76   76   66   62   62   69    9    9   52   89
  8    8  129    2   74   15   11   11   74    2    2   36    4   64   26   69
  9    9   72   31   51   38    3    3   51   31   31    3   50    3   18   42
 10   10  124   69   77   12   27   27   77   69   69   56   41   24   51  135
 11   11  154   58   12   77   21   21   12   58   58    9   84   14   49  155
 12   12   79   57   35   54   87   87   35   57   57   16   37   83   36  149
 13   13  156   70   17   72   83   83   17   70   70   86   33   30   12   66
 14   14   88   74   45   44   19   19   45   74   74   70   58   41   58   19
 15   15  159   88   70   19   65   65   70   88   88   61   83   28   16  100
 16   16   62   64   49   40    1    1   49   64   64   60   52   48   63    6
 17   17  105   29   22   67   69   69   22   29   29   33   88   42    8   15
 18   18   99    5   53   36   63   63   53    5    5    5   85   68   67   43
 19   19  140   54   25   64   68   68   25   54   54   17   55   79   32  131
 20   20  106   25   52   37   79   79   52   25   25   18   29   22   20  121
 21   21   18   13   16   73   22   22   16   13   13   44   74   78    9  120
 22   22   77   27   43   46   74   74   43   27   27    7   10   72   44   14
 23   23  121   85   55   34    6    6   55   85   85    1   53   57   73  138
 24   24    3   47   76   13   48   48   76   47   47   52   20   36   72   51
 25   25   22    1   64   25   61   61   64    1    1   12   78   56   40   54
 26   26  110   37    6   83   47   47    6   37   37   23   49   75   82   49
 27   27    5   14    3   86    4    4    3   14   14   68   48    8   70   47
 28   28    9   80    7   82   49   49    7   80   80   79   71   21   81  160
 29   29   46   46   85    4   43   43   85   46   46   73   60   27   27  122
 30   30  123    6   63   26   42   42   63    6    6   66    2   32   50  105
 31   31  125   56   24   65   10   10   24   56   56   39   51   63   11   88
 32   32   91    4   27   62   20   20   27    4    4   81   59   45   57   35
 33   33   40   66    4   85    2    2    4   66   66   65   17   65   19  110
 34   34  148   26   71   18   23   23   71   26   26    8   24   23   25   25
 35   35  149   84   54   35   28   28   54   84   84   29   86   53   60  153
 36   36   64   73   41   48   53   53   41   73   73   26   87   84   64  154
 37   37   17   52   34   55   84   84   34   52   52   63   36   39   48   86
 38   38  104   76   20   69   60   60   20   76   76   88   66   50   55   56
 39   39    4   19   19   70   32   32   19   19   19   46    3   26   53   13
 40   40   86   65   47   42    9    9   47   65   65   75   40   60    7  146
 41   41  122   72   56   33   75   75   56   72   72   50   77   70   37  148
 42   42   83   81   13   76   18   18   13   81   81   82   27   34   71  119
 43   43  155   68   69   20   56   56   69   68   68   27   25    5   46   55
 44   44   78   43   44   45   71   71   44   43   43   24   65   52   74  140
 45   45  146   48   61   28   57   57   61   48   48   72   57   86   30  113
 46   46   90   87   59   30   34   34   59   87   87   64   79   43   17   71
 47   47  153   24   67   22   64   64   67   24   24   67   42   15   15   16
 48   48   80   61   32   57   85   85   32   61   61   59   14   80   68    4
 49   49    6   39   65   24   17   17   65   39   39   49   61   10    5  108
 50   50  130   83   83    6   52   52   83   83   83   25   43   13   75   82
 51   51  145   59   48   41   14   14   48   59   59   85   39   49   43    2
 52   52   29   50   79   10   40   40   79   50   50   43   54   73    6   10
 53   53   23    7   37   52   29   29   37    7    7   45   62    6   14  109
 54   54  116   35    1   88    7    7    1   35   35   14   75   35    3  123
 55   55  127   55   10   79   25   25   10   55   55   74   26   33    2  137
 56   56   36   28   80    9    5    5   80   28   28   41   68   38   29   27
 57   57   25   67   42   47   44   44   42   67   67   83   63   44   56   41
 58   58   82    9   29   60   41   41   29    9    9   21   31   77   42   11
 59   59  102   30    8   81   37   37    8   30   30   53   11   17   61   84
 60   60  118   33   72   17   36   36   72   33   33   77   67   61    1   40
 61   61   56   34   75   14   67   67   75   34   34   38   12   81   38   60
 62   62  136   17   23   66   50   50   23   17   17   48   73   71   78   21
 63   63  144   45   30   59   80   80   30   45   45   76    8   12   10   23
 64   64   32    8   28   61   45   45   28    8    8   28   69   82   31    8
 65   65   43   21   82    7   13   13   82   21   21   35   46   18   66  159
 66   66   14   38   46   43   39   39   46   38   38   20   23   31   22   67
 67   67   63   10   84    5   38   38   84   10   10   42   76    4   41   79
 68   68  132   16   11   78   77   77   11   16   16   32   13   16    4   36
 69   69   52   36   73   16   86   86   73   36   36    6    6   55   77  144
 70   70   49   60   78   11   31   31   78   60   60   22   45   87   59   76
 71   71  150                                                               90
 72   72  109                                                               34
 73   73    8                                                              114
 74   74   93                                                               83
 75   75  108   49   57   32   54   54   57   49   49   13   47   85   35  157
 76   76   81                                                               77
 77   77   67                                                               24
 78   78   27                                                              136
 79   79   55                                                               57
 80   80   61   53   36   53   15   15   36   53   53   51   28   25   23   74
 81   81   28                                                               39
 82   82   13                                                               12
 83   83   16                                                               63
 84   84   71                                                              125
 85   85  117   18    9   80   26   26    9   18   18    4   81   29   62  124
 86   86  112                                                                7
 87   87  158                                                              106
 88   88   30                                                               65
 89   89   48                                                              139
 90   90  120   40   60   29   81   81   60   40   40    2   80   67   39   20
 91   91   89                                                              126
 92   92   54                                                              117
 93   93   35                                                               26
 94   94  113                                                               52
 95   95   51   63   58   31   12   12   58   63   63   78   44   40   21   80
 96   96   20                                                              111
 97   97   45                                                               44
 98   98   75                                                                9
 99   99  111                                                               17
100  100  114   78   50   39   35   35   50   78   78   34   56   11   76   97
101  101   69                                                               31
102  102  152                                                              115
103  103   59                                                              158
104  104   85                                                              107
105  105   70   75    5   84   55   55    5   75   75   15   34   58   24   87
106  106   42                                                               94
107  107   21                                                              151
108  108  103                                                              133
109  109  101                                                              129
110  110    7    3    2   87   72   72    2    3    3   19   38    2   69   92
111  111   39                                                              147
112  112   41                                                              150
113  113  141                                                               37
114  114   34                                                               50
115  115  139   32   39   50   46   46   39   32   32   55    5    1   47   91
116  116  137                                                               81
117  117  115                                                               29
118  118  147                                                               48
119  119  100                                                               95
120  120   37   77   15   74   66   66   15   77   77   58   15   46   34   64
121  121   98                                                                1
122  122  135                                                               73
123  123   76                                                               75
124  124   66                                                              127
125  125  151   22   14   75   70   70   14   22   22   10   72   37   79   38
126  126   57                                                               70
127  127   97                                                              143
128  128  133                                                              112
129  129  107                                                              134
130  130   94   44   62   27   58   58   62   44   44   57   19   51   45   93
131  131   33                                                                5
132  132  119                                                               59
133  133    1                                                              156
134  134   10                                                              141
135  135   31   12   38   51   59   59   38   12   12   71   22   54        85
136  136    2                                                               32
137  137   26                                                              130
138  138   58                                                               22
139  139   96                                                               72
140  140  160   15   88    1    8    8   88   15   15   80   21   88       118
141  141   68                                                               61
142  142   24                                                              103
143  143   11                                                                3
144  144  142                                                              104
145  145   47   71   33   56   33   33   33   71   71   54    7    7       102
146  146  128                                                               18
147  147   44                                                               99
148  148   95                                                               28
149  149   74                                                              128
150  150  131   11   87    2   16   16   87   11   11   87   32   66        58
151  151   12                                                              142
152  152  126                                                               53
153  153   38                                                              152
154  154  143                                                              116
155  155   60   42   86    3   88   88   86   42   42   84   16   47        62
156  156   92                                                               30
157  157   15                                                               45
158  158   53                                                               68
159  159   19                                                               96
160  160  138   79   68   21   78   78   68   79   79   40   30   62       101

