========================================================================================
ROW ORDER = address_payload_cubed_plus_7_mod_p  (linear_rank ascending)
========================================================================================
  n  a3p nRk   d l2d  Px  Py Pmy  -y  y2p  x3p  Y2f  X3f   C  h3p  a2p  h2p   r   s   z  Ry h160  pay  lex sPub  sVH sCHK   c4 dbit
-----------------------------------------------------------------------------------------------------------------------------------
 60    1  60  60  60  33  72  17  17   36   36   72   33  33  134  146   45  77  67  61   1  118  118  116   58   40  116  116   60
 54    2  54  54  54  35   1  88  88    7    7    1   35  35   79  125  125  14  75  35   3  116  116  114   12  123   99   99   54
 65    3  65  65  65  21  82   7   7   13   13   82   21  21  147  137   49  35  46  18  66   43   43   41   40  159  158  158   65
 45    4  45  45  45  48  61  28  28   57   57   61   48  48   31  122  158  72  57  86  30  146  146  144    8  113  109  109   45
 88    5  88                                                  159  144   70                   30   30   27        65    3    3     
 71    6  71                                                   28   94   97                  150  150  148        90  108  108     
 53    7  53  53  53   7  37  52  52   29   29   37    7   7   14   99  106  45  62   6  14   23   23   20   23  109   76   76   53
134    8 134                                                   77  151  135                   10   10    7       141   21   21     
158    9 158                                                  138   30   42                   53   53   51        68    9    9     
 27   10  27  27  27  14   3  86  86    4    4    3   14  14   32   51  107  68  48   8  70    5    5    2   47   47  122  122   27
 13   11  13  13  13  70  17  72  72   83   83   17   70  70   94  140   29  86  33  30  12  156  156  154   78   66   49   49   13
 97   12  97                                                   44  119  146                   45   45   43        44  151  151     
129   13 129                                                  104  132  130                  107  107  105       134  105  105     
 12   14  12  12  12  57  35  54  54   87   87   35   57  57   84   81  117  16  37  83  36   79   79   77   72  149   89   89   12
 35   15  35  35  35  84  54  35  35   28   28   54   84  84  136   74   63  29  86  53  60  149  149  147   33  153  125  125   35
 84   16  84                                                  151   47   27                   71   71   69       125  148  148     
  9   17   9   9   9  31  51  38  38    3    3   51   31  31  156   46   32   3  50   3  18   72   72   70   65   42   91   91    9
 63   18  63  63  63  45  30  59  59   80   80   30   45  45  120  109   13  76   8  12  10  144  144  142   73   23   98   98   63
144   19 144                                                   11  149   84                  142  142  140       104   80   80     
 39   20  39  39  39  19  19  70  70   32   32   19   19  19   12   75    5  46   3  26  53    4    4    1   63   13   58   58   39
 22   21  22  22  22  27  43  46  46   74   74   43   27  27   71   64   41   7  10  72  44   77   77   75   54   14  153  153   22
 51   22  51  51  51  59  48  41  41   14   14   48   59  59   98  104  124  85  39  49  43  145  145  143   21    2   53   53   51
125   23 125  81  81  22  14  75  75   70   70   14   22  22   56  103    9  10  72  37  79  151  151  149   85   38   82   82  125
  8   24   8   8   8   2  74  15  15   11   11   74    2   2  139  112   50  36   4  64  26  129  129  127   29   69   57   57    8
102   25 102                                                   22   92   90                  152  152  150       115  123  123     
 40   26  40  40  40  65  47  42  42    9    9   47   65  65  115   40  120  75  40  60   7   86   86   84   51  146  117  117   40
116   27 116                                                   50  138   33                  137  137  135        81   61   61     
  7   28   7   7   7  62  66  23  23   76   76   66   62  62  124   62   74  69   9   9  52  134  134  132    9   89   50   50    7
103   29 103                                                  160  123  147                   59   59   57       158   86   86     
133   30 133                                                   87  152   62                    1    1   35       156    8    8     
148   31 148                                                   18  155  150                   95   95   93        28  139  139     
 83   32  83                                                  100   60  111                   16   16   13        63   69   69     
105   33 105  77  77  75   5  84  84   55   55    5   75  75  131   33   77  15  34  58  24   70   70   68    6   87   64   64  105
160   34 160          79  68  21  21   78   78   68   79  79   39  156  122  40  30  62      138  138  136   46  101   56   56     
106   35 106                                                  108    4  112                   42   42   40        94   19   19     
 94   36  94                                                    7  159  137                  113  113  111        52   97   97     
104   37 104                                                   46   32   71                   85   85   83       107   87   87     
124   38 124                                                  111   52   86                   66   66   64       127   24   24     
135   39 135          12  38  51  51   59   59   38   12  12   68   21   64  71  22  54       31   31   28   68   85   79   79     
119   40 119                                                   69   35  103                  100  100   98        95   90   90     
 67   41  67  67  67  10  84   5   5   38   38   84   10  10    4   65  132  42  76   4  41   63   63   61   62   79   71   71   67
113   42 113                                                  144   41   26                  141  141  139        37  134  134     
 82   43  82                                                  109   95   79                   13   13   10        12  131  131     
 25   44  25  25  25   1  64  25  25   61   61   64    1   1  103   53  109  12  78  56  40   22   22   19   13   54   83   83   25
 96   45  96                                                    3  126   23                   20   20   17       111   63   63     
 48   46  48  48  48  61  32  57  57   85   85   32   61  61   73    9   46  59  14  80  68   80   80   78   35    4  115  115   48
122   47 122                                                   10   63   14                  135  135  133        73  133  133     
110   48 110  78  78   3   2  87  87   72   72    2    3   3  157   58  159  19  38   2  69    7    7    4   19   92   46   46  110
143   49 143                                                    8   39   92                   11   11    8         3   54   54     
 59   50  59  59  59  30   8  81  81   37   37    8   30  30   36   98   99  53  11  17  61  102  102  100   22   84   68   68   59
132   51 132                                                    5   83   83                  119  119  117        59    4    4     
 55   52  55  55  55  55  10  79  79   25   25   10   55  55   16  147   93  74  26  33   2  127  127  125   74  137  107  107   55
139   53 139                                                  123   14  108                   96   96   94        72   40   40     
 66   54  66  66  66  38  46  43  43   39   39   46   38  38    9   54  116  20  23  31  22   14   14   11   36   67  154  154   66
 52   55  52  52  52  50  79  10  10   40   40   79   50  50   91  102   21  43  54  73   6   29   29   26   49   10  124  124   52
 56   56  56  56  56  28  80   9   9    5    5   80   28  28   63  139  102  41  68  38  29   36   36   33    4   27   62   62   56
146   57 146                                                  127  141   87                  128  128  126        18   92   92     
 14   58  14  14  14  74  45  44  44   19   19   45   74  74   62   10  101  70  58  41  58   88   88   86   41   19   44   44   14
 90   59  90  74  74  40  60  29  29   81   81   60   40  40   21  118   25   2  80  67  39  120  120  118   37   20  132  132   90
 73   60  73                                                   92   76  105                    8    8    5       114   17   17     
 20   61  20  20  20  25  52  37  37   79   79   52   25  25  106   73   55  18  29  22  20  106  106  104   44  121   30   30   20
137   62 137                                                  149  143   37                   26   26   23       130   23   23     
 98   63  98                                                   67  131   60                   75   75   73         9  141  141     
  4   64   4   4   4  20  31  58  58   62   62   31   20  20   82   20   30  62  70  69  13   87   87   85   66   33   48   48    4
156   65 156                                                   74    5   34                   92   92   90        30  140  140     
 30   66  30  30  30   6  63  26  26   42   42   63    6   6   90  110   58  66   2  32  50  123  123  121   18  105   10   10   30
 87   67  87                                                   55   16   61                  158  158  156       106   32   32     
150   68 150          11  87   2   2   16   16   87   11  11   96  135   69  87  32  66      131  131  129   60   58    7    7     
149   69 149                                                  143   89  118                   74   74   72       128   39   39     
 44   70  44  44  44  43  44  45  45   71   71   44   43  43   75   50   98  24  65  52  74   78   78   76   34  140   34   34   44
 28   71  28  28  28  80   7  82  82   49   49    7   80  80    1  153   11  79  71  21  81    9    9    6   64  160   66   66   28
 11   72  11  11  11  58  12  77  77   21   21   12   58  58   54  121  141   9  84  14  49  154  154  152   20  155   60   60   11
138   73 138                                                  137  158   66                   58   58   56        22   85   85     
 61   74  61  61  61  34  75  14  14   67   67   75   34  34   60   24  148  38  12  81  38   56   56   54   31   60   74   74   61
 43   75  43  43  43  68  69  20  20   56   56   69   68  68   58   45   35  27  25   5  46  155  155  153   14   55  114  114   43
 64   76  64  64  64   8  28  61  61   45   45   28    8   8   64  101  131  28  69  82  31   32   32   29    5    8   43   43   64
 49   77  49  49  49  39  65  24  24   17   17   65   39  39   81  127   24  49  61  10   5    6    6    3   38  108   13   13   49
114   78 114                                                    2   57   95                   34   34   31        50   59   59     
 91   79  91                                                   89    7   15                   89   89   87       126   52   52     
 81   80  81                                                   37   56  144                   28   28   25        39  129  129     
 19   81  19  19  19  54  25  64  64   68   68   25   54  54   95   78   96  17  55  79  32  140  140  138   15  131   84   84   19
 78   82  78                                                  133  113  139                   27   27   24       136  157  157     
 57   83  57  57  57  67  42  47  47   44   44   42   67  67  126  100  127  83  63  44  56   25   25   22   17   41   18   18   57
126   84 126                                                  121   43  149                   57   57   55        70   38   38     
 23   85  23  23  23  85  55  34  34    6    6   55   85  85   13   49   31   1  53  57  73  121  121  119   27  138  143  143   23
131   86 131                                                  158   11   22                   33   33   30         5   36   36     
 26   87  26  26  26  37   6  83  83   47   47    6   37  37   57   42  104  23  49  75  82  110  110  108   88   49   41   41   26
154   88 154                                                  112  130    4                  143  143  141       116  106  106     
153   89 153                                                   85  107  151                   38   38   36       152   65   65     
 62   90  62  62  62  17  23  66  66   50   50   23   17  17  135   68  115  48  73  71  78  136  136  134   56   21  159  159   62
 69   91  69  69  69  36  73  16  16   86   86   73   36  36  113   79  156   6   6  55  77   52   52   50   70  144  127  127   69
130   92 130  82  82  44  62  27  27   58   58   62   44  44  116   28  142  57  19  51  45   94   94   92   52   93   12   12  130
101   93 101                                                   23   27   67                   69   69   67        31   11   11     
  1   94   1   1   1  51  26  63  63   24   24   26   51  51  128   31    2  11  82  76  54   65   65   63    3  132   51   51    1
121   95 121                                                  140  129   85                   98   98   96         1  142  142     
112   96 112                                                   35    8    1                   41   41   39       150  145  145     
128   97 128                                                  146   87  153                  133  133  131       112   22   22     
  5   98   5   5   5  23  18  71  71   51   51   18   23  23   97   15   51  47  35  20  28   84   84   82   79   78  120  120    5
 68   99  68  68  68  16  11  78  78   77   77   11   16  16  101  105  138  32  13  16   4  132  132  130    2   36   35   35   68
 47  100  47  47  47  24  67  22  22   64   64   67   24  24   43  115   20  67  42  15  15  153  153  151   61   16  149  149   47
 38  101  38  38  38  76  20  69  69   60   60   20   76  76  154  154   53  88  66  50  55  104  104  102   53   56  137  137   38
120  102 120  80  80  77  15  74  74   66   66   15   77  77  142  160   12  58  15  46  34   37   37   34   59   64  160  160  120
140  103 140          15  88   1   1    8    8   88   15  15    6  111  133  80  21  88      160  160  158   26  118   72   72     
141  104 141                                                   25   18  126                   68   68   66        61   33   33     
 95  105  95  75  75  63  58  31  31   12   12   58   63  63   86   22  114  78  44  40  21   51   51   49   24   80   78   78   95
 37  106  37  37  37  52  34  55  55   84   84   34   52  52  114   34   19  63  36  39  48   17   17   14   69   86  126  126   37
 31  107  31  31  31  56  24  65  65   10   10   24   56  56   33   55  157  39  51  63  11  125  125  123   11   88   55   55   31
 70  108  70  70  70  60  78  11  11   31   31   78   60  60  155  116   94  22  45  87  59   49   49   47   82   76   45   45   70
 92  109  92                                                   20   67   80                   54   54   52       117    2    2     
157  110 157                                                   88   59   72                   15   15   12        45  150  150     
 79  111  79                                                  117  106   10                   55   55   53        57  136  136     
155  112 155          42  86   3   3   88   88   86   42  42   52  108    8  84  16  47       60   60   58   48   62  135  135     
 29  113  29  29  29  46  85   4   4   43   43   85   46  46   66   72  140  73  60  27  27   46   46   44   71  122  128  128   29
147  114 147                                                  129   70   39                   44   44   42        99   25   25     
151  115 151                                                   19   85   56                   12   12    9       142  119  119     
 17  116  17  17  17  29  22  67  67   69   69   22   29  29   24  142   82  33  88  42   8  105  105  103   87   15  156  156   17
 74  117  74                                                   45   37  143                   93   93   91        83   95   95     
142  118 142                                                   49   93   18                   24   24   21       103  121  121     
 18  119  18  18  18   5  53  36  36   63   63   53    5   5   15   12   59   5  85  68  67   99   99   97    7   43  130  130   18
107  120 107                                                   78   66  155                   21   21   18       151   77   77     
111  121 111                                                   29   29   48                   39   39   37       147   93   93     
 33  122  33  33  33  66   4  85  85    2    2    4   66  66  153  150   88  65  17  65  19   40   40   38   42  110   28   28   33
 15  123  15  15  15  88  70  19  19   65   65   70   88  88   76  134  121  61  83  28  16  159  159  157   75  100  101  101   15
 85  124  85  73  73  18   9  80  80   26   26    9   18  18   99  128  145   4  81  29  62  117  117  115   28  124    5    5   85
 99  125  99                                                  118   13    3                  111  111  109        17   26   26     
145  126 145          71  33  56  56   33   33   33   71  71  107  133   16  54   7   7       47   47   45   84  102   75   75     
 24  127  24  24  24  47  76  13  13   48   48   76   47  47   65   97   54  52  20  36  72    3    3  160   83   51    1    1   24
 89  128  89                                                  102   80  100                   48   48   46       139   67   67     
 32  129  32  32  32   4  27  62  62   20   20   27    4   4   48    6   73  81  59  45  57   91   91   89   10   35   14   14   32
 58  130  58  58  58   9  29  60  60   41   41   29    9   9  132  120  110  21  31  77  42   82   82   80   76   11  118  118   58
123  131 123                                                   27   69  129                   76   76   74        75  146  146     
  2  132   2   2   2  86  21  68  68   82   82   21   86  86   53   23  152  37  64  59  80   73   73   71   81   46  112  112    2
 72  133  72                                                   34   44  113                  109  109  107        34   15   15     
  6  134   6   6   6  82  81   8   8   30   30   81   82  82  125    3   47  30   1  19  65  157  157  155   32  145   81   81    6
109  135 109                                                   51   90   57                  101  101   99       129  100  100     
 36  136  36  36  36  73  41  48  48   53   53   41   73  73   93    1   78  26  87  84  64   64   64   62   43  154  152  152   36
100  137 100  76  76  78  50  39  39   35   35   50   78  78  152   61   81  34  56  11  76  114  114  112   30   97   47   47  100
 86  138  86                                                  130   96    7                  112  112  110         7   29   29     
 41  139  41  41  41  72  56  33  33   75   75   56   72  72  148   38   36  50  77  70  37  122  122  120   67  148  113  113   41
 80  140  80  72  72  53  36  53  53   15   15   36   53  53   42  117  119  51  28  25  23   61   61   59   50   74   70   70   80
 34  141  34  34  34  26  71  18  18   23   23   71   26  26   30   84   38   8  24  23  25  148  148  146   16   25  155  155   34
 21  142  21  21  21  13  16  73  73   22   22   16   13  13   26  148   91  44  74  78   9   18   18   15    1  120   31   31   21
 16  143  16  16  16  64  49  40  40    1    1   49   64  64  119  145  123  60  52  48  63   62   62   60   77    6   27   27   16
 42  144  42  42  42  81  13  76  76   18   18   13   81  81   70   71   52  82  27  34  71   83   83   81   86  119   16   16   42
152  145 152                                                  145   77  136                  126  126  124        53   73   73     
 46  146  46  46  46  87  59  30  30   34   34   59   87  87  105   86  128  64  79  43  17   90   90   88   39   71   88   88   46
 50  147  50  50  50  83  83   6   6   52   52   83   83  83  110   82   75  25  43  13  75  130  130  128   55   82  102  102   50
 77  148  77                                                   80    2  154                   67   67   65        24   37   37     
  3  149   3   3   3  41  40  49  49   73   73   40   41  41   40   17   68  31  18  74  33   50   50   48   57   98   42   42    3
136  150 136                                                   61  124   43                    2    2  159        32  147  147     
 93  151  93                                                   47   19   28                   35   35   32        26  104  104     
 76  152  76                                                  122   48    6                   81   81   79        77  103  103     
 10  153  10  10  10  69  77  12  12   27   27   77   69  69   72  114   89  56  41  24  51  124  124  122   45  135  111  111   10
115  154 115  79  79  32  39  50  50   46   46   39   32  32  150   26   17  55   5   1  47  139  139  137   25   91   94   94  115
118  155 118                                                   83   88  134                  147  147  145        48  144  144     
 75  156  75  71  71  49  57  32  32   54   54   57   49  49   59  136  160  13  47  85  35  108  108  106   80  157  110  110   75
117  157 117                                                   17  157   44                  115  115  113        29   96   96     
127  158 127                                                   41   91   40                   97   97   95       143   20   20     
108  159 108                                                  141   36   65                  103  103  101       133    6    6     
159  160 159                                                   38   25   76                   19   19   16        96  138  138     

