========================================================================================
ROW ORDER = rmd160_sq_mod_p  (linear_rank ascending)
========================================================================================
  n  h2p nRk   d l2d  Px  Py Pmy  -y  y2p  x3p  Y2f  X3f   C  h3p  a2p  a3p   r   s   z  Ry h160  pay  lex sPub  sVH sCHK   c4 dbit
-----------------------------------------------------------------------------------------------------------------------------------
112    1 112                                                   35    8   96                   41   41   39       150  145  145     
  1    2   1   1   1  51  26  63  63   24   24   26   51  51  128   31   94  11  82  76  54   65   65   63    3  132   51   51    1
 99    3  99                                                  118   13  125                  111  111  109        17   26   26     
154    4 154                                                  112  130   88                  143  143  141       116  106  106     
 39    5  39  39  39  19  19  70  70   32   32   19   19  19   12   75   20  46   3  26  53    4    4    1   63   13   58   58   39
 76    6  76                                                  122   48  152                   81   81   79        77  103  103     
 86    7  86                                                  130   96  138                  112  112  110         7   29   29     
155    8 155          42  86   3   3   88   88   86   42  42   52  108  112  84  16  47       60   60   58   48   62  135  135     
125    9 125  81  81  22  14  75  75   70   70   14   22  22   56  103   23  10  72  37  79  151  151  149   85   38   82   82  125
 79   10  79                                                  117  106  111                   55   55   53        57  136  136     
 28   11  28  28  28  80   7  82  82   49   49    7   80  80    1  153   71  79  71  21  81    9    9    6   64  160   66   66   28
120   12 120  80  80  77  15  74  74   66   66   15   77  77  142  160  102  58  15  46  34   37   37   34   59   64  160  160  120
 63   13  63  63  63  45  30  59  59   80   80   30   45  45  120  109   18  76   8  12  10  144  144  142   73   23   98   98   63
122   14 122                                                   10   63   47                  135  135  133        73  133  133     
 91   15  91                                                   89    7   79                   89   89   87       126   52   52     
145   16 145          71  33  56  56   33   33   33   71  71  107  133  126  54   7   7       47   47   45   84  102   75   75     
115   17 115  79  79  32  39  50  50   46   46   39   32  32  150   26  154  55   5   1  47  139  139  137   25   91   94   94  115
142   18 142                                                   49   93  118                   24   24   21       103  121  121     
 37   19  37  37  37  52  34  55  55   84   84   34   52  52  114   34  106  63  36  39  48   17   17   14   69   86  126  126   37
 47   20  47  47  47  24  67  22  22   64   64   67   24  24   43  115  100  67  42  15  15  153  153  151   61   16  149  149   47
 52   21  52  52  52  50  79  10  10   40   40   79   50  50   91  102   55  43  54  73   6   29   29   26   49   10  124  124   52
131   22 131                                                  158   11   86                   33   33   30         5   36   36     
 96   23  96                                                    3  126   45                   20   20   17       111   63   63     
 49   24  49  49  49  39  65  24  24   17   17   65   39  39   81  127   77  49  61  10   5    6    6    3   38  108   13   13   49
 90   25  90  74  74  40  60  29  29   81   81   60   40  40   21  118   59   2  80  67  39  120  120  118   37   20  132  132   90
113   26 113                                                  144   41   42                  141  141  139        37  134  134     
 84   27  84                                                  151   47   16                   71   71   69       125  148  148     
 93   28  93                                                   47   19  151                   35   35   32        26  104  104     
 13   29  13  13  13  70  17  72  72   83   83   17   70  70   94  140   11  86  33  30  12  156  156  154   78   66   49   49   13
  4   30   4   4   4  20  31  58  58   62   62   31   20  20   82   20   64  62  70  69  13   87   87   85   66   33   48   48    4
 23   31  23  23  23  85  55  34  34    6    6   55   85  85   13   49   85   1  53  57  73  121  121  119   27  138  143  143   23
  9   32   9   9   9  31  51  38  38    3    3   51   31  31  156   46   17   3  50   3  18   72   72   70   65   42   91   91    9
116   33 116                                                   50  138   27                  137  137  135        81   61   61     
156   34 156                                                   74    5   65                   92   92   90        30  140  140     
 43   35  43  43  43  68  69  20  20   56   56   69   68  68   58   45   75  27  25   5  46  155  155  153   14   55  114  114   43
 41   36  41  41  41  72  56  33  33   75   75   56   72  72  148   38  139  50  77  70  37  122  122  120   67  148  113  113   41
137   37 137                                                  149  143   62                   26   26   23       130   23   23     
 34   38  34  34  34  26  71  18  18   23   23   71   26  26   30   84  141   8  24  23  25  148  148  146   16   25  155  155   34
147   39 147                                                  129   70  114                   44   44   42        99   25   25     
127   40 127                                                   41   91  158                   97   97   95       143   20   20     
 22   41  22  22  22  27  43  46  46   74   74   43   27  27   71   64   21   7  10  72  44   77   77   75   54   14  153  153   22
158   42 158                                                  138   30    9                   53   53   51        68    9    9     
136   43 136                                                   61  124  150                    2    2  159        32  147  147     
117   44 117                                                   17  157  157                  115  115  113        29   96   96     
 60   45  60  60  60  33  72  17  17   36   36   72   33  33  134  146    1  77  67  61   1  118  118  116   58   40  116  116   60
 48   46  48  48  48  61  32  57  57   85   85   32   61  61   73    9   46  59  14  80  68   80   80   78   35    4  115  115   48
  6   47   6   6   6  82  81   8   8   30   30   81   82  82  125    3  134  30   1  19  65  157  157  155   32  145   81   81    6
111   48 111                                                   29   29  121                   39   39   37       147   93   93     
 65   49  65  65  65  21  82   7   7   13   13   82   21  21  147  137    3  35  46  18  66   43   43   41   40  159  158  158   65
  8   50   8   8   8   2  74  15  15   11   11   74    2   2  139  112   24  36   4  64  26  129  129  127   29   69   57   57    8
  5   51   5   5   5  23  18  71  71   51   51   18   23  23   97   15   98  47  35  20  28   84   84   82   79   78  120  120    5
 42   52  42  42  42  81  13  76  76   18   18   13   81  81   70   71  144  82  27  34  71   83   83   81   86  119   16   16   42
 38   53  38  38  38  76  20  69  69   60   60   20   76  76  154  154  101  88  66  50  55  104  104  102   53   56  137  137   38
 24   54  24  24  24  47  76  13  13   48   48   76   47  47   65   97  127  52  20  36  72    3    3  160   83   51    1    1   24
 20   55  20  20  20  25  52  37  37   79   79   52   25  25  106   73   61  18  29  22  20  106  106  104   44  121   30   30   20
151   56 151                                                   19   85  115                   12   12    9       142  119  119     
109   57 109                                                   51   90  135                  101  101   99       129  100  100     
 30   58  30  30  30   6  63  26  26   42   42   63    6   6   90  110   66  66   2  32  50  123  123  121   18  105   10   10   30
 18   59  18  18  18   5  53  36  36   63   63   53    5   5   15   12  119   5  85  68  67   99   99   97    7   43  130  130   18
 98   60  98                                                   67  131   63                   75   75   73         9  141  141     
 87   61  87                                                   55   16   67                  158  158  156       106   32   32     
133   62 133                                                   87  152   30                    1    1   35       156    8    8     
 35   63  35  35  35  84  54  35  35   28   28   54   84  84  136   74   15  29  86  53  60  149  149  147   33  153  125  125   35
135   64 135          12  38  51  51   59   59   38   12  12   68   21   39  71  22  54       31   31   28   68   85   79   79     
108   65 108                                                  141   36  159                  103  103  101       133    6    6     
138   66 138                                                  137  158   73                   58   58   56        22   85   85     
101   67 101                                                   23   27   93                   69   69   67        31   11   11     
  3   68   3   3   3  41  40  49  49   73   73   40   41  41   40   17  149  31  18  74  33   50   50   48   57   98   42   42    3
150   69 150          11  87   2   2   16   16   87   11  11   96  135   68  87  32  66      131  131  129   60   58    7    7     
 88   70  88                                                  159  144    5                   30   30   27        65    3    3     
104   71 104                                                   46   32   37                   85   85   83       107   87   87     
157   72 157                                                   88   59  110                   15   15   12        45  150  150     
 32   73  32  32  32   4  27  62  62   20   20   27    4   4   48    6  129  81  59  45  57   91   91   89   10   35   14   14   32
  7   74   7   7   7  62  66  23  23   76   76   66   62  62  124   62   28  69   9   9  52  134  134  132    9   89   50   50    7
 50   75  50  50  50  83  83   6   6   52   52   83   83  83  110   82  147  25  43  13  75  130  130  128   55   82  102  102   50
159   76 159                                                   38   25  160                   19   19   16        96  138  138     
105   77 105  77  77  75   5  84  84   55   55    5   75  75  131   33   33  15  34  58  24   70   70   68    6   87   64   64  105
 36   78  36  36  36  73  41  48  48   53   53   41   73  73   93    1  136  26  87  84  64   64   64   62   43  154  152  152   36
 82   79  82                                                  109   95   43                   13   13   10        12  131  131     
 92   80  92                                                   20   67  109                   54   54   52       117    2    2     
100   81 100  76  76  78  50  39  39   35   35   50   78  78  152   61  137  34  56  11  76  114  114  112   30   97   47   47  100
 17   82  17  17  17  29  22  67  67   69   69   22   29  29   24  142  116  33  88  42   8  105  105  103   87   15  156  156   17
132   83 132                                                    5   83   51                  119  119  117        59    4    4     
144   84 144                                                   11  149   19                  142  142  140       104   80   80     
121   85 121                                                  140  129   95                   98   98   96         1  142  142     
124   86 124                                                  111   52   38                   66   66   64       127   24   24     
146   87 146                                                  127  141   57                  128  128  126        18   92   92     
 33   88  33  33  33  66   4  85  85    2    2    4   66  66  153  150  122  65  17  65  19   40   40   38   42  110   28   28   33
 10   89  10  10  10  69  77  12  12   27   27   77   69  69   72  114  153  56  41  24  51  124  124  122   45  135  111  111   10
102   90 102                                                   22   92   25                  152  152  150       115  123  123     
 21   91  21  21  21  13  16  73  73   22   22   16   13  13   26  148  142  44  74  78   9   18   18   15    1  120   31   31   21
143   92 143                                                    8   39   49                   11   11    8         3   54   54     
 55   93  55  55  55  55  10  79  79   25   25   10   55  55   16  147   52  74  26  33   2  127  127  125   74  137  107  107   55
 70   94  70  70  70  60  78  11  11   31   31   78   60  60  155  116  108  22  45  87  59   49   49   47   82   76   45   45   70
114   95 114                                                    2   57   78                   34   34   31        50   59   59     
 19   96  19  19  19  54  25  64  64   68   68   25   54  54   95   78   81  17  55  79  32  140  140  138   15  131   84   84   19
 71   97  71                                                   28   94    6                  150  150  148        90  108  108     
 44   98  44  44  44  43  44  45  45   71   71   44   43  43   75   50   70  24  65  52  74   78   78   76   34  140   34   34   44
 59   99  59  59  59  30   8  81  81   37   37    8   30  30   36   98   50  53  11  17  61  102  102  100   22   84   68   68   59
 89  100  89                                                  102   80  128                   48   48   46       139   67   67     
 14  101  14  14  14  74  45  44  44   19   19   45   74  74   62   10   58  70  58  41  58   88   88   86   41   19   44   44   14
 56  102  56  56  56  28  80   9   9    5    5   80   28  28   63  139   56  41  68  38  29   36   36   33    4   27   62   62   56
119  103 119                                                   69   35   40                  100  100   98        95   90   90     
 26  104  26  26  26  37   6  83  83   47   47    6   37  37   57   42   87  23  49  75  82  110  110  108   88   49   41   41   26
 73  105  73                                                   92   76   60                    8    8    5       114   17   17     
 53  106  53  53  53   7  37  52  52   29   29   37    7   7   14   99    7  45  62   6  14   23   23   20   23  109   76   76   53
 27  107  27  27  27  14   3  86  86    4    4    3   14  14   32   51   10  68  48   8  70    5    5    2   47   47  122  122   27
139  108 139                                                  123   14   53                   96   96   94        72   40   40     
 25  109  25  25  25   1  64  25  25   61   61   64    1   1  103   53   44  12  78  56  40   22   22   19   13   54   83   83   25
 58  110  58  58  58   9  29  60  60   41   41   29    9   9  132  120  130  21  31  77  42   82   82   80   76   11  118  118   58
 83  111  83                                                  100   60   32                   16   16   13        63   69   69     
106  112 106                                                  108    4   35                   42   42   40        94   19   19     
 72  113  72                                                   34   44  133                  109  109  107        34   15   15     
 95  114  95  75  75  63  58  31  31   12   12   58   63  63   86   22  105  78  44  40  21   51   51   49   24   80   78   78   95
 62  115  62  62  62  17  23  66  66   50   50   23   17  17  135   68   90  48  73  71  78  136  136  134   56   21  159  159   62
 66  116  66  66  66  38  46  43  43   39   39   46   38  38    9   54   54  20  23  31  22   14   14   11   36   67  154  154   66
 12  117  12  12  12  57  35  54  54   87   87   35   57  57   84   81   14  16  37  83  36   79   79   77   72  149   89   89   12
149  118 149                                                  143   89   69                   74   74   72       128   39   39     
 80  119  80  72  72  53  36  53  53   15   15   36   53  53   42  117  140  51  28  25  23   61   61   59   50   74   70   70   80
 40  120  40  40  40  65  47  42  42    9    9   47   65  65  115   40   26  75  40  60   7   86   86   84   51  146  117  117   40
 15  121  15  15  15  88  70  19  19   65   65   70   88  88   76  134  123  61  83  28  16  159  159  157   75  100  101  101   15
160  122 160          79  68  21  21   78   78   68   79  79   39  156   34  40  30  62      138  138  136   46  101   56   56     
 16  123  16  16  16  64  49  40  40    1    1   49   64  64  119  145  143  60  52  48  63   62   62   60   77    6   27   27   16
 51  124  51  51  51  59  48  41  41   14   14   48   59  59   98  104   22  85  39  49  43  145  145  143   21    2   53   53   51
 54  125  54  54  54  35   1  88  88    7    7    1   35  35   79  125    2  14  75  35   3  116  116  114   12  123   99   99   54
141  126 141                                                   25   18  104                   68   68   66        61   33   33     
 57  127  57  57  57  67  42  47  47   44   44   42   67  67  126  100   83  83  63  44  56   25   25   22   17   41   18   18   57
 46  128  46  46  46  87  59  30  30   34   34   59   87  87  105   86  146  64  79  43  17   90   90   88   39   71   88   88   46
123  129 123                                                   27   69  131                   76   76   74        75  146  146     
129  130 129                                                  104  132   13                  107  107  105       134  105  105     
 64  131  64  64  64   8  28  61  61   45   45   28    8   8   64  101   76  28  69  82  31   32   32   29    5    8   43   43   64
 67  132  67  67  67  10  84   5   5   38   38   84   10  10    4   65   41  42  76   4  41   63   63   61   62   79   71   71   67
140  133 140          15  88   1   1    8    8   88   15  15    6  111  103  80  21  88      160  160  158   26  118   72   72     
118  134 118                                                   83   88  155                  147  147  145        48  144  144     
134  135 134                                                   77  151    8                   10   10    7       141   21   21     
152  136 152                                                  145   77  145                  126  126  124        53   73   73     
 94  137  94                                                    7  159   36                  113  113  111        52   97   97     
 68  138  68  68  68  16  11  78  78   77   77   11   16  16  101  105   99  32  13  16   4  132  132  130    2   36   35   35   68
 78  139  78                                                  133  113   82                   27   27   24       136  157  157     
 29  140  29  29  29  46  85   4   4   43   43   85   46  46   66   72  113  73  60  27  27   46   46   44   71  122  128  128   29
 11  141  11  11  11  58  12  77  77   21   21   12   58  58   54  121   72   9  84  14  49  154  154  152   20  155   60   60   11
130  142 130  82  82  44  62  27  27   58   58   62   44  44  116   28   92  57  19  51  45   94   94   92   52   93   12   12  130
 74  143  74                                                   45   37  117                   93   93   91        83   95   95     
 81  144  81                                                   37   56   80                   28   28   25        39  129  129     
 85  145  85  73  73  18   9  80  80   26   26    9   18  18   99  128  124   4  81  29  62  117  117  115   28  124    5    5   85
 97  146  97                                                   44  119   12                   45   45   43        44  151  151     
103  147 103                                                  160  123   29                   59   59   57       158   86   86     
 61  148  61  61  61  34  75  14  14   67   67   75   34  34   60   24   74  38  12  81  38   56   56   54   31   60   74   74   61
126  149 126                                                  121   43   84                   57   57   55        70   38   38     
148  150 148                                                   18  155   31                   95   95   93        28  139  139     
153  151 153                                                   85  107   89                   38   38   36       152   65   65     
  2  152   2   2   2  86  21  68  68   82   82   21   86  86   53   23  132  37  64  59  80   73   73   71   81   46  112  112    2
128  153 128                                                  146   87   97                  133  133  131       112   22   22     
 77  154  77                                                   80    2  148                   67   67   65        24   37   37     
107  155 107                                                   78   66  120                   21   21   18       151   77   77     
 69  156  69  69  69  36  73  16  16   86   86   73   36  36  113   79   91   6   6  55  77   52   52   50   70  144  127  127   69
 31  157  31  31  31  56  24  65  65   10   10   24   56  56   33   55  107  39  51  63  11  125  125  123   11   88   55   55   31
 45  158  45  45  45  48  61  28  28   57   57   61   48  48   31  122    4  72  57  86  30  146  146  144    8  113  109  109   45
110  159 110  78  78   3   2  87  87   72   72    2    3   3  157   58   48  19  38   2  69    7    7    4   19   92   46   46  110
 75  160  75  71  71  49  57  32  32   54   54   57   49  49   59  136  156  13  47  85  35  108  108  106   80  157  110  110   75

