========================================================================================
FACTORADIC: private d  vs  public (Px, Py)   puzzles 1-70
========================================================================================

For each puzzle: expand d and pubkey coords in factoradic, compare structure.

  n  d_k   d_f  Px_k  Px_f  Py_k  Py_f  dk-Pxk
----------------------------------------------------------------------------------------
  1    1  1.00    57  0.02    56  0.80     -56
  2    2  0.50    57  0.04    56  0.62     -55
  3    3  0.33    57  0.02    57  0.02     -54
  4    3  0.33    56  0.52    57  0.02     -53
  5    3  1.00    56  0.59    56  0.55     -53
  6    4  0.50    57  0.04    57  0.04     -53
  7    4  0.75    57  0.02    57  0.04     -53
  8    5  0.20    56  0.09    57  0.04     -51
  9    5  0.60    56  0.75    57  0.02     -51
 10    5  0.80    57  0.02    57  0.04     -52
 11    6  0.17    57  0.02    56  0.32     -51
 12    6  0.50    57  0.02    57  0.02     -51
 13    7  0.14    57  0.02    56  0.52     -50
 14    7  0.29    57  0.04    57  0.02     -50
 15    7  0.71    57  0.04    57  0.04     -50
 16    8  0.12    57  0.02    57  0.02     -49
 17    8  0.25    56  0.71    56  0.64     -48
 18    8  0.50    56  0.14    57  0.02     -48
 19    8  1.00    57  0.02    56  0.79     -49
 20    9  0.22    56  0.68    57  0.02     -47
 21    9  0.44    56  0.29    56  0.50     -47
 22    9  0.89    56  0.70    57  0.02     -47
 23   10  0.10    57  0.04    57  0.02     -47
 24   10  0.30    57  0.02    57  0.04     -47
 25   10  0.90    56  0.05    57  0.04     -46
 26   11  0.09    56  0.88    56  0.07     -45
 27   11  0.18    56  0.29    56  0.04     -45
 28   11  0.45    57  0.04    56  0.11     -46
 29   11  0.91    57  0.02    57  0.04     -46
 30   12  0.17    56  0.14    57  0.02     -44
 31   12  0.33    57  0.02    56  0.77     -45
 32   12  0.50    56  0.11    56  0.89     -44
 33   13  0.08    57  0.02    56  0.04     -44
 34   13  0.15    56  0.68    57  0.04     -43
 35   13  0.23    57  0.04    57  0.02     -44
 36   13  0.46    57  0.04    57  0.02     -44
 37   14  0.07    57  0.02    57  0.02     -43
 38   14  0.07    57  0.04    56  0.62     -43
 39   14  0.21    56  0.50    56  0.61     -42
 40   14  0.79    57  0.02    57  0.02     -43
 41   15  0.07    57  0.04    57  0.02     -42
 42   15  0.13    57  0.04    56  0.45     -42
 43   15  0.33    57  0.02    57  0.04     -42
 44   15  0.73    57  0.02    57  0.02     -42
 45   15  1.00    57  0.02    57  0.02     -42
 46   16  0.12    57  0.04    57  0.02     -41
 47   16  0.31    56  0.64    57  0.04     -40
 48   16  0.56    57  0.02    57  0.02     -41
 49   17  0.06    56  1.00    57  0.04     -39
 50   17  0.06    57  0.04    57  0.04     -40
 51   17  0.29    57  0.02    57  0.02     -40
 52   17  0.65    57  0.02    57  0.04     -40
 53   18  0.06    56  0.16    57  0.02     -38
 54   18  0.06    56  0.84    55  0.24     -38
 55   18  0.22    57  0.02    56  0.16     -39
 56   18  0.33    56  0.71    57  0.04     -38
 57   19  0.05    57  0.02    57  0.02     -38
 58   19  0.05    56  0.20    56  0.93     -37
 59   19  0.21    56  0.73    56  0.14     -37
 60   19  0.47    56  0.82    57  0.04     -37
 61   19  0.58    56  0.82    57  0.04     -37
 62   20  0.05    56  0.39    56  0.68     -36
 63   20  0.15    57  0.02    57  0.02     -37
 64   20  0.35    56  0.18    56  0.91     -36
 65   20  0.60    56  0.54    57  0.04     -36
 66   20  0.95    56  0.89    57  0.02     -36
 67   21  0.10    56  0.20    57  0.04     -35
 68   21  0.19    56  0.36    56  0.16     -35
 69   21  0.24    56  0.86    57  0.04     -35
 70   21  0.86    57  0.02    57  0.04     -36

========================================================================================
CORRELATIONS (Pearson) across puzzles 1-70
========================================================================================
  corr(d.max_k     , Px.max_k    ) = -0.217
  corr(d.max_k     , Py.max_k    ) = +0.034
  corr(d.frac      , Px.frac     ) = -0.062
  corr(d.frac      , Py.frac     ) = +0.011
  corr(d.nnz       , Px.nnz      ) = -0.033
  corr(lower.frac  , Px.frac     ) = +0.076
  corr(lower.max_k , Px.max_k    ) = -0.214
  corr(d.max_k     , n           ) = +0.994
  corr(Px.max_k    , n           ) = -0.226
  corr(Px.max_k    , Px.bits     ) = +0.781
  corr(d.max_k     , d.bits      ) = +0.994
  corr(d.frac      , PxN.frac    ) = -0.062
  corr(Px.frac     , Py.frac     ) = -0.058

========================================================================================
COINCIDENCE CHECKS
========================================================================================
  d.max_k == Px.max_k:     0/70
  |d.frac - Px.frac|<0.1:  12/70
  Px.max_k distribution: {56: 32, 57: 38}
  Py.max_k distribution: {55: 1, 56: 23, 57: 46}

========================================================================================
FRAMEWORK PUBLIC COORDS (Complexity_Simplified) factoradic
========================================================================================
  Gx2      bits=255  max_k= 57  lead=1*57!  frac=0.018
  Px3      bits=253  max_k= 56  lead=12*56!  frac=0.214
  rx2      bits=256  max_k= 57  lead=2*57!  frac=0.035
  Nr1      bits=252  max_k= 56  lead=6*56!  frac=0.107
  omega2   bits=255  max_k= 56  lead=53*56!  frac=0.946
  beta     bits=255  max_k= 57  lead=1*57!  frac=0.018

========================================================================================
READOUT
========================================================================================
  Px/Py are ~256-bit field elements -> their max_k sits near ~58-59 always.
  d is n-bit -> max_k climbs with n (the sawtooth ladder).
  So d.max_k and Px.max_k are NOT the same song: one grows, one is flat.
  lead_frac(d) vs lead_frac(Px) correlation should be weak if independent.
  Strong corr(d.max_k, n) and corr(Px.max_k, Px.bits)~flat is the expected split:
    private scale ladder  vs  public full-field factorial height.