1			2			3			4			5			6		
1			21			3			49			514			611140496167764
1155			224			357535			467			5598802			6763683971478124
10544			2683			3007503			400708894		54538862		
198669			26867			33185509		42387769980		51408670348612
1811764			227634408		3093472814		409118905032525		525070384258266191
14428676		2102388551		323724968937		4216495639600700	
111949941		20112871792		30045390491869460	44218742292676575
1033162084		2895374552463		3908372542507822062	46346217550346335726
14133072157		2058769515153876	30568377312064202855
100251560595		219898266213316039825	
146971536592		297274491920375905804
1003651412950
1458252205147
15404761757071
19996463086597
119666659114170
191206974700443
138245758910846492
199976667976342049
1135041350219496382
1425787542618654982
17799667357578236628
132656943602386256302



7			8			9
7			8			95823
76			863317			9974455244496707
7137437912		8993229949524469768	970436974005023690481
7409811047825		




per coulumn
puzzle 70:   3(2) 2(3) 1(8) 2(3) 3(1) 2(3) 1(4) 2(6) 3(4) 2(1) 1(1) 2(7) 3(2) 2(1) 1(1) 2(3) 3(1) 2(1) 1(1) 2(3) 3(1) 2(5) 1(5) 2(3) 3(8) 2(3) 1(3) 2(1) 3(9) 2(5) 1(1) 2(2) 3(5) 2(4) 1(2) 2(3) 