
 										mod 8	mod 16	mod 32	(mod 64) {mod 128}	3*match	2*match 0*match	repeats	0*repeats	(reapeats)	(0*repeats)
0.5									
2 1.5					=	0.5 * 3 			3	3	3	3			3			X			X
3 3.5					=	0.5 * 7				7	7	7	7			7			X			X
4 0.5					=	0.5 * 1				1	1	1	1			1			X			X
5 5.5					=	0.5 * 11			3	11	11	11			_	11	1		x				x
6 17.5					=	0.5 * 35			3	3	3	35			3			X					x
7 12.5					=	0.5 * 25			1	9	25	25			_		1 9 25		x				x
8 96.5					=	0.5 * 193			1	1	1	1			1			X			X
9 211.5					=	0.5 * 423			7	7	7	39			7			X					x
10 2.5					=	0.5 * 5				5	5	5	5			5				x				x
11 131.5				=	0.5 * 263			7	7	7	7			7			X			X	
12 635.5				=	0.5 * 1271			7	7	23	55			_	7	23		x				x
13 1120.5				=	0.5 * 2241			1	1	1	1			1			X			X	
14 2352.5				=	0.5 * 4705			1	1	1	33			1			X					x
15 10483.5				=	0.5 * 20967			7	7	7	39			7			X					x
16 18742.5				=	0.5 * 37485			5	13	13	45			_	13	5		x				x
17 30287.5				=	0.5 * 60575			7	15	31	31			_		7 15 31	X					x
18 67597.5				=	0.5 * 135195			3	11	27	27			_		3 11 27		x				x
19 95391.5				=	0.5 * 190783			7	15	31	63			_		7 15 31	X					x
20 339029.5				=	0.5 * 678059			3	11	11	43			_	11	3		x				x
21 763188.5				=	0.5 * 1526377			1	9	9	41			_	9	1	X					x
22 910351.5				=	0.5 * 1820703			7	15	31	31			_		7 15 31	X					x
23 1404498.5				=	0.5 * 2808997			5	5	1	37			_	5	1		x				x
24 6040068.5				=	0.5 * 12080137			1	9	9	9			_	9	1	X					x
25 16408293.5				=	0.5 * 32816587			3	11	11	11			_	3	11		x				x
26 20984430.5				=	0.5 * 41968861			5	13	29	29			_		5 13 29		x				x
27 44841077.5
28 93416680.5
29 132273438.5
30 496291172.5
31 1028646727.5
32 945989166.5
33 2842470616.5
34 5543137565.5
35 2933002608.5
36 8028031612.5
37 31532083859.5
38 9532583120.5
39 48847061993.5
40 453895599062.5
41 358740577371.5
42 696351296911.5
43 3011764536721.5
44 6608668734863.5
45 2404277042181.5
46 16224298259780.5
47 49297914936506.5
48 50469486345115.5
49 127643928321869.5
50 48190542746452.5
51 932869608311252.5
52 1964695825915452.5
53 2260084344107628.5
54 967255989755715.5
55 12030991982387476.5
56 8189945273712607.5
57 66188164872918556.5
58 55861479900486177.5
59 236840008106554447.5
60 558580597916072894.5
61 272866038011808006.5
62 1602529533294128110.5
63 4381543931097081864.5
64 8576295320723460820.5
65 12121633238354651239.5		=	0.5 * 24243266476709302479		7	15	15	15	79
66 9452729402927232494.5		=	0.5 * 18905458805854464989		5	13	29	29	93
67 58869967307548049838.5		=	0.5 * 117739934615096099677		5	13	29	29	93
68 72324313623639626897.5		=	0.5 * 144648627247279253795		3	3	3	35	35	
69 2126586741023079948.5		=	0.5 * 4253173482046159897		1	9	25	25	25
70 380141163646318038769.5		=	0.5 * 760282327292636077539		3	3	3	35	99		3			X					x		