HINGE-DISTANCE: log2(p-N) - log2(sqrt(coord))
H = log2(p-N) = 128.34570214660883
p-N = 432420386565659656852420866390673177326 (129 bits)
puzzles with coords: 88  (solved 82, unsolved pub 6)

closer to hinge: y-side 44, x-side 44

=== all puzzles ===
puz  solved  log2(sqrt(x))  log2(sqrt(y))  d_x      d_y      min_d   closer  2^min_d
  1  Y       127.463851958610   127.087262094183  0.881850  1.258440   0.8819  x       1.8427
  2  Y       127.980550040858   126.910861120824  0.365152  1.434841   0.3652  x       1.2880
  3  Y       127.267575072982   127.370201083086  1.078127  0.975501   0.9755  y       1.9663
  4  Y       126.777408204761   127.264155588687  1.568294  1.081547   1.0815  y       2.1163
  5  Y       126.866282322558   126.823656312339  1.479420  1.522046   1.4794  x       2.7884
  6  Y       127.961974614997   127.906475472728  0.383728  0.439227   0.3837  x       1.3047
  7  Y       127.615937137926   127.783693608071  0.729765  0.562009   0.5620  y       1.4763
  8  Y       125.563525820043   127.860815995562  2.782176  0.484886   0.4849  y       1.3995
  9  Y       127.037075531420   127.541443543077  1.308627  0.804259   0.8043  y       1.7462
 10  Y       127.694626801308   127.869055416849  0.651075  0.476647   0.4766  y       1.3915
 11  Y       127.559585852099   126.430637563566  0.786116  1.915065   0.7861  x       1.7244
 12  Y       127.559490550335   127.306719110863  0.786212  1.038983   0.7862  x       1.7245
 13  Y       127.708310812492   126.774879806245  0.637391  1.570822   0.6374  x       1.5555
 14  Y       127.749702914893   127.456209167763  0.595999  0.889493   0.5960  x       1.5115
 15  Y       127.996176685792   127.818556019925  0.349525  0.527146   0.3495  x       1.2741
 16  Y       127.649825175859   127.520875619438  0.695877  0.824827   0.6959  x       1.6199
 17  Y       126.993300822253   126.919514816247  1.352401  1.426187   1.3524  x       2.5534
 18  Y       125.844264458672   127.546721080655  2.501438  0.798981   0.7990  y       1.7399
 19  Y       127.529803974559   127.059399237336  0.815898  1.286303   0.8159  x       1.7604
 20  Y       126.956924937693   127.543773779871  1.388777  0.801928   0.8019  y       1.7434
 21  Y       126.362728261904   126.751367002820  1.982974  1.594335   1.5943  y       3.0196
 22  Y       126.986912314990   127.404015956324  1.358790  0.941686   0.9417  y       1.9208
 23  Y       127.977541854283   127.620161522736  0.368160  0.725541   0.3682  x       1.2907
 24  Y       127.394976315574   127.864614438099  0.950726  0.481088   0.4811  y       1.3958
 25  Y       125.229584993976   127.761270918395  3.116117  0.584431   0.5844  y       1.4994
 26  Y       127.145560701581   125.446273143004  1.200141  2.899429   1.2001  x       2.2976
 27  Y       126.364629335353   124.850674571711  1.981073  3.495028   1.9811  x       3.9479
 28  Y       127.934873795799   125.657912356352  0.410828  2.687790   0.4108  x       1.3294
 29  Y       127.381887236653   127.970627332939  0.963815  0.375075   0.3751  y       1.2969
 30  Y       125.858875816328   127.732951240957  2.486826  0.612751   0.6128  y       1.5292
 31  Y       127.542994299256   127.048169530498  0.802708  1.297533   0.8027  x       1.7444
 32  Y       125.644291406896   127.159289100244  2.701411  1.186413   1.1864  y       2.2759
 33  Y       127.675843449522   125.015455865770  0.669859  3.330246   0.6699  x       1.5909
 34  Y       126.963778574275   127.821890111668  1.381924  0.523812   0.5238  y       1.4377
 35  Y       127.973179933553   127.584300678615  0.372522  0.761401   0.3725  x       1.2946
 36  Y       127.745542068651   127.391366923408  0.600160  0.954335   0.6002  x       1.5159
 37  Y       127.483883645002   127.301953736870  0.861819  1.043748   0.8618  x       1.8173
 38  Y       127.793901682442   126.900247290539  0.551800  1.445455   0.5518  x       1.4659
 39  Y       126.753389392213   126.874097227045  1.592313  1.471605   1.4716  y       2.7733
 40  Y       127.674081219669   127.474951240999  0.671621  0.870751   0.6716  x       1.5929
 41  Y       127.743290265528   127.635224513963  0.602412  0.710478   0.6024  x       1.5183
 42  Y       127.949778935147   126.673251009661  0.395923  1.672451   0.3959  x       1.3158
 43  Y       127.688367525324   127.816915668975  0.657335  0.528786   0.5288  y       1.4427
 44  Y       127.279402626738   127.447927684438  1.066300  0.897774   0.8978  y       1.8632
 45  Y       127.395854619456   127.707252563887  0.949848  0.638450   0.6384  y       1.5567
 46  Y       127.992437608305   127.661041258684  0.353265  0.684661   0.3533  x       1.2774
 47  Y       126.929900314228   127.793784442854  1.415802  0.551918   0.5519  y       1.4660
 48  Y       127.593654725568   127.266208847778  0.752047  1.079493   0.7520  x       1.6842
 49  Y       127.238797146262   127.772633729504  1.106905  0.573068   0.5731  y       1.4877
 50  Y       127.966652310124   127.939001348471  0.379050  0.406701   0.3790  x       1.3005
 51  Y       127.566820075418   127.505916199277  0.778882  0.839786   0.7789  x       1.7158
 52  Y       127.433717411612   255.879745021625  0.911985  -127.534043  -127.5340  y       0.0000
 53  Y       125.984866066494   127.331038505726  2.360836  1.014664   1.0147  y       2.0204
 54  Y       127.113985400148   123.288753349106  1.231717  5.056949   1.2317  x       2.3485
 55  Y       127.531087440615   125.939025603198  0.814615  2.406677   0.8146  x       1.7588
 56  Y       126.990680864082   127.903824309409  1.355021  0.441878   0.4419  y       1.3584
 57  Y       127.683735137749   127.401696306388  0.661967  0.944006   0.6620  x       1.5822
 58  Y       126.057941103685   127.181384055161  2.287761  1.164318   1.1643  y       2.2413
 59  Y       127.012850485055   125.848639561426  1.332852  2.497063   1.3329  x       2.5190
 60  Y       127.093995541076   127.852235358820  1.251707  0.493467   0.4935  y       1.4078
 61  Y       127.101223409673   127.862720328227  1.244479  0.482982   0.4830  y       1.3976
 62  Y       126.566764249960   126.967585716828  1.778938  1.378116   1.3781  y       2.5993
 63  Y       127.335664447045   127.246785878184  1.010038  1.098916   1.0100  x       2.0140
 64  Y       126.001068095278   127.171306851049  2.344634  1.174395   1.1744  y       2.2570
 65  Y       126.794418642584   127.914908038142  1.551284  0.430794   0.4308  y       1.3480
 66  Y       127.150846078596   127.473004952861  1.194856  0.872697   0.8727  y       1.8311
 67  Y       126.090051320317   127.954280810780  2.255651  0.391421   0.3914  y       1.3117
 68  Y       126.497192987742   125.980656808407  1.848509  2.365045   1.8485  x       3.6013
 69  Y       127.120830687247   127.859839574957  1.224871  0.485863   0.4859  y       1.4004
 70  Y       127.589460055416   127.874746463502  0.756242  0.470956   0.4710  y       1.3860
 75  Y       127.419093312722   127.638447424780  0.926609  0.707255   0.7073  y       1.6327
 80  Y       127.489047360836   127.310007987342  0.856655  1.035694   0.8567  x       1.8108
 85  Y       126.692145065187   125.904233634523  1.653557  2.441469   1.6536  x       3.1461
 90  Y       127.263516732920   127.697388594371  1.082185  0.648314   0.6483  y       1.5673
 95  Y       127.616704005246   127.650345012248  0.728998  0.695357   0.6954  y       1.6193
100  Y       127.857206471905   127.540187718335  0.488496  0.805514   0.4885  x       1.4030
105  Y       127.780999050520   125.164758437626  0.564703  3.180944   0.5647  x       1.4791
110  Y       125.630877196201   124.776668282710  2.714825  3.569034   2.7148  x       6.5651
115  Y       127.093176182893   127.342824841830  1.252526  1.002877   1.0029  y       2.0040
120  Y       127.845746306748   126.714790086450  0.499956  1.630912   0.5000  x       1.4142
125  Y       126.842408267202   126.698047401126  1.503294  1.647655   1.5033  x       2.8349
130  Y       127.316405128686   127.731644530373  1.029297  0.614058   0.6141  y       1.5306
135  N       126.173969649550   127.339575723692  2.171732  1.006126   1.0061  y       2.0085
140  N       126.486687241520   127.981189786161  1.859015  0.364512   0.3645  y       1.2874
145  N       127.729165542105   127.284645005188  0.616537  1.061057   0.6165  x       1.5332
150  N       126.141548401381   127.980416400554  2.204154  0.365286   0.3653  y       1.2881
155  N       127.268169774469   127.971196150585  1.077532  0.374506   0.3745  y       1.2964
160  N       127.905796328083   127.803107317314  0.439906  0.542595   0.4399  x       1.3565

=== min_delta histogram (rounded 0.1) ===
  -127.5: 1
  0.3: 1
  0.4: 16
  0.5: 11
  0.6: 15
  0.7: 6
  0.8: 10
  0.9: 6
  1.0: 5
  1.1: 1
  1.2: 5
  1.3: 1
  1.4: 2
  1.5: 3
  1.6: 1
  1.7: 1
  1.8: 1
  2.0: 1
  2.7: 1

=== user anchor puzzles ===
P130: d_x=1.029297 d_y=0.614058 closer=y
P135: d_x=2.171732 d_y=1.006126 closer=y
P155: d_x=1.077532 d_y=0.374506 closer=y
P160: d_x=0.439906 d_y=0.542595 closer=x

corr(puzzle_n, delta_y) on solved only: -0.0162
