D/A LADDER FLOW — puzzle index order (first appearance in chain)
  Head anchor k = n-3 for n>=4; chain alternates D/A on each k
  A(k) weight 1xP_k, D(k) weight 2xP_k
  gap=1 means -1 next (e.g. P47 -> P46)

n   anchor  start  end   #idx  1st  #1  streak  ladder (high -> low)              gaps
--- ------  -----  ----  ----  ---  --  ------  --------------------------------  ----------------
P4   n-3=1   D(1)       D(1)     1     -    0   0       [1]  []
P5   n-3=2   A(2)       D(1)     2     Y    1   1       [2, 1]  [1]
P6   n-3=3   A(3)       A(3)     1     -    0   0       [3]  []
P7   n-3=4   D(4)       D(1)     3     N    1   1       [4, 2, 1]  [2,1]
P8   n-3=5   A(5)       D(3)     2     N    0   0       [5, 3]  [2]
P9   n-3=6   A(6)       D(1)     5     Y    3   2       [6, 5, 4, 2, 1]  [1,1,2,1]
P10  n-3=7   A(7)       A(2)     3     Y    1   1       [7, 6, 2]  [1,4]
P11  n-3=8   D(8)       D(3)     3     N    0   0       [8, 5, 3]  [3,2]
P12  n-3=9   A(9)       A(4)     5     Y    3   2       [9, 8, 6, 5, 4]  [1,2,1,1]
P13  n-3=10  D(10)      A(1)     5     N    1   1       [10, 8, 7, 5, 1]  [2,1,2,4]
P14  n-3=11  D(11)      D(1)     3     N    0   0       [11, 6, 1]  [5,5]
P15  n-3=12  A(12)      D(3)     3     N    1   1       [12, 4, 3]  [8,1]
P16  n-3=13  A(13)      D(2)     7     Y    3   2       [13, 12, 10, 8, 7, 6, 2]  [1,2,2,1,1,4]
P17  n-3=14  A(14)      D(1)     5     N    2   1       [14, 9, 8, 2, 1]  [5,1,6,1]
P18  n-3=15  A(15)      D(2)     7     Y    2   1       [15, 14, 11, 10, 8, 6, 2]  [1,3,1,2,2,4]
P19  n-3=16  A(16)      A(2)     6     N    1   1       [16, 14, 13, 10, 8, 2]  [2,1,3,2,6]
P20  n-3=17  D(17)      A(1)     7     N    3   2       [17, 8, 6, 5, 3, 2, 1]  [9,2,1,2,1,1]
P21  n-3=18  D(18)      D(1)     6     N    2   2       [18, 14, 11, 10, 9, 1]  [4,3,1,1,8]
P22  n-3=19  A(19)      A(1)     7     Y    3   2       [19, 18, 17, 13, 11, 2, 1]  [1,1,4,2,9,1]
P23  n-3=20  D(20)      A(2)     7     N    1   1       [20, 18, 14, 13, 10, 5, 2]  [2,4,1,3,5,3]
P24  n-3=21  D(21)      A(1)     9     Y    4   3       [21, 20, 19, 18, 15, 10, 6, 2, 1]  [1,1,1,3,5,4,4,1]
P25  n-3=22  D(22)      D(1)     9     N    3   2       [22, 17, 12, 11, 8, 7, 6, 4, 1]  [5,5,1,3,1,1,2,3]
P26  n-3=23  A(23)      A(3)     10    Y    4   1       [23, 22, 19, 15, 14, 11, 10, 7, 4, 3]  [1,3,4,1,3,1,3,3,1]
P27  n-3=24  D(24)      A(1)     13    Y    4   3       [24, 23, 22, 21, 19, 15, 13, 11, 10, 7, 5, 3, 1]  [1,1,1,2,4,2,2,1,3,2,2,2]
P28  n-3=25  D(25)      D(6)     10    N    3   2       [25, 23, 19, 16, 13, 12, 10, 8, 7, 6]  [2,4,3,3,1,2,2,1,1]
P29  n-3=26  A(26)      D(1)     13    N    5   3       [26, 23, 20, 19, 15, 11, 10, 8, 6, 5, 4, 3, 1]  [3,3,1,4,4,1,2,2,1,1,1,2]
P30  n-3=27  A(27)      D(1)     16    N    7   3       [27, 24, 22, 20, 19, 15, 14, 13, 11, 10, 8, 6, 5, 4, 3, 1]  [3,2,2,1,4,1,1,2,1,2,2,1,1,1,2]
P31  n-3=28  A(28)      A(2)     11    N    1   1       [28, 25, 23, 21, 16, 14, 10, 7, 5, 4, 2]  [3,2,2,5,2,4,3,2,1,2]
P32  n-3=29  D(29)      D(3)     11    Y    4   1       [29, 28, 22, 18, 15, 14, 10, 7, 6, 4, 3]  [1,6,4,3,1,4,3,1,2,1]
P33  n-3=30  A(30)      A(1)     16    Y    7   2       [30, 29, 28, 26, 23, 22, 20, 19, 14, 13, 12, 9, 6, 4, 2, 1]  [1,1,2,3,1,2,1,5,1,1,3,3,2,2,1]
P34  n-3=31  D(31)      A(1)     16    N    4   1       [31, 29, 27, 26, 24, 23, 21, 16, 14, 13, 11, 9, 6, 4, 2, 1]  [2,2,1,2,1,2,5,2,1,2,2,3,2,2,1]
P35  n-3=32  D(32)      A(1)     14    N    4   1       [32, 29, 27, 23, 21, 19, 18, 16, 15, 12, 5, 4, 2, 1]  [3,2,4,2,2,1,2,1,3,7,1,2,1]
P36  n-3=33  D(33)      D(4)     15    Y    5   1       [33, 32, 30, 28, 25, 23, 20, 19, 17, 16, 14, 13, 11, 5, 4]  [1,2,2,3,2,3,1,2,1,2,1,2,6,1]
P37  n-3=34  A(34)      A(1)     13    N    2   1       [34, 29, 26, 23, 20, 18, 15, 14, 10, 8, 6, 2, 1]  [5,3,3,3,2,3,1,4,2,2,4,1]
P38  n-3=35  D(35)      D(1)     16    N    3   1       [35, 33, 31, 29, 27, 25, 23, 20, 14, 11, 8, 7, 5, 4, 2, 1]  [2,2,2,2,2,2,3,6,3,3,1,2,1,2,1]
P39  n-3=36  A(36)      A(1)     17    N    5   1       [36, 33, 31, 30, 27, 23, 22, 20, 19, 16, 14, 11, 10, 8, 7, 5, 1]  [3,2,1,3,4,1,2,1,3,2,3,1,2,1,2,4]
P40  n-3=37  D(37)      D(2)     15    Y    4   1       [37, 36, 34, 30, 29, 23, 19, 16, 13, 11, 10, 7, 5, 4, 2]  [1,2,4,1,6,4,3,3,2,1,3,2,1,2]
P41  n-3=38  A(38)      A(1)     18    Y    7   4       [38, 37, 34, 32, 30, 28, 26, 23, 16, 15, 10, 8, 7, 6, 5, 4, 2, 1]  [1,3,2,2,2,2,3,7,1,5,2,1,1,1,1,2,1]
P42  n-3=39  D(39)      A(1)     17    Y    6   2       [39, 38, 36, 34, 32, 25, 23, 22, 21, 18, 17, 14, 13, 7, 5, 2, 1]  [1,2,2,2,7,2,1,1,3,1,3,1,6,2,3,1]
P43  n-3=40  D(40)      D(1)     18    Y    6   3       [40, 39, 38, 37, 33, 29, 28, 25, 24, 22, 20, 17, 13, 11, 10, 8, 5, 1]  [1,1,1,4,4,1,3,1,2,2,3,4,2,1,2,3,4]
P44  n-3=41  A(41)      D(1)     17    N    5   1       [41, 39, 38, 33, 32, 27, 25, 22, 20, 18, 17, 15, 13, 12, 6, 2, 1]  [2,1,5,1,5,2,3,2,2,1,2,2,1,6,4,1]
P45  n-3=42  A(42)      A(1)     16    Y    4   1       [42, 41, 39, 36, 35, 32, 30, 25, 18, 15, 12, 8, 5, 4, 2, 1]  [1,2,3,1,3,2,5,7,3,3,4,3,1,2,1]
P46  n-3=43  D(43)      D(1)     18    Y    5   2       [43, 42, 40, 36, 33, 32, 29, 27, 24, 20, 18, 13, 11, 6, 5, 4, 2, 1]  [1,2,4,3,1,3,2,3,4,2,5,2,5,1,1,2,1]
P47  n-3=44  A(44)      D(1)     21    N    5   1       [44, 42, 41, 38, 35, 33, 29, 28, 25, 24, 22, 19, 17, 15, 14, 11, 10, 8, 6, 4, 1]  [2,1,3,3,2,4,1,3,1,2,3,2,2,1,3,1,2,2,2,3]
P48  n-3=45  A(45)      A(1)     21    N    6   2       [45, 43, 41, 39, 38, 36, 33, 32, 30, 26, 24, 23, 21, 19, 17, 13, 8, 7, 6, 2, 1]  [2,2,2,1,2,3,1,2,4,2,1,2,2,2,4,5,1,1,4,1]
P49  n-3=46  D(46)      D(1)     21    Y    9   3       [46, 45, 39, 38, 36, 33, 30, 29, 28, 27, 24, 23, 21, 20, 18, 17, 15, 14, 11, 4, 1]  [1,6,1,2,3,3,1,1,1,3,1,2,1,2,1,2,1,3,7,3]
P50  n-3=47  A(47)      D(1)     20    Y    6   2       [47, 46, 45, 42, 39, 30, 29, 27, 26, 23, 19, 17, 14, 13, 10, 8, 6, 4, 2, 1]  [1,1,3,3,9,1,2,1,3,4,2,3,1,3,2,2,2,2,1]
P51  n-3=48  A(48)      A(1)     18    N    4   1       [48, 46, 45, 43, 39, 35, 33, 32, 27, 25, 24, 22, 21, 18, 15, 11, 8, 1]  [2,1,2,4,4,2,1,5,2,1,2,1,3,3,4,3,7]
P52  n-3=49  D(49)      D(4)     19    Y    6   2       [49, 48, 47, 44, 41, 35, 33, 31, 27, 24, 23, 22, 19, 17, 14, 12, 11, 5, 4]  [1,1,3,3,6,2,2,4,3,1,1,3,2,3,2,1,6,1]
P53  n-3=50  A(50)      A(1)     21    N    4   1       [50, 48, 45, 43, 42, 39, 38, 36, 34, 32, 28, 25, 23, 18, 17, 14, 11, 10, 8, 4, 1]  [2,3,2,1,3,1,2,2,2,4,3,2,5,1,3,3,1,2,4,3]
P54  n-3=51  D(51)      D(1)     23    Y    7   1       [51, 50, 46, 45, 42, 41, 39, 37, 36, 33, 31, 30, 26, 24, 23, 20, 17, 15, 11, 7, 6, 4, 1]  [1,4,1,3,1,2,2,1,3,2,1,4,2,1,3,3,2,4,4,1,2,3]
P55  n-3=52  A(52)      D(1)     18    N    4   1       [52, 48, 47, 43, 41, 39, 37, 36, 33, 28, 24, 23, 20, 14, 13, 11, 7, 1]  [4,1,4,2,2,2,1,3,5,4,1,3,6,1,2,4,6]
P56  n-3=53  A(53)      A(1)     24    N    7   1       [53, 51, 50, 48, 46, 42, 39, 38, 35, 34, 30, 28, 25, 21, 20, 18, 17, 15, 12, 11, 7, 5, 4, 1]  [2,1,2,2,4,3,1,3,1,4,2,3,4,1,2,1,2,3,1,4,2,1,3]
P57  n-3=54  D(54)      D(1)     21    Y    9   2       [54, 53, 52, 48, 46, 45, 43, 42, 40, 39, 38, 36, 35, 31, 25, 21, 20, 12, 6, 5, 1]  [1,1,4,2,1,2,1,2,1,1,2,1,4,6,4,1,8,6,1,4]
P58  n-3=55  A(55)      D(1)     27    Y    9   4       [55, 54, 52, 50, 48, 46, 43, 39, 38, 36, 35, 33, 32, 30, 23, 21, 19, 17, 15, 14, 13, 12, 11, 7, 5, 4, 1]  [1,2,2,2,2,3,4,1,2,1,2,1,2,7,2,2,2,2,1,1,1,1,4,2,1,3]
P59  n-3=56  A(56)      A(1)     25    Y    7   2       [56, 55, 54, 52, 46, 42, 41, 39, 38, 36, 34, 30, 27, 25, 23, 19, 16, 12, 10, 8, 7, 5, 4, 2, 1]  [1,1,2,6,4,1,2,1,2,2,4,3,2,2,4,3,4,2,2,1,2,1,2,1]
P60  n-3=57  D(57)      A(4)     23    N    7   2       [57, 54, 53, 52, 50, 47, 43, 38, 35, 32, 30, 29, 25, 23, 20, 19, 17, 16, 14, 13, 7, 6, 4]  [3,1,1,2,3,4,5,3,3,2,1,4,2,3,1,2,1,2,1,6,1,2]
P61  n-3=58  D(58)      A(1)     23    N    4   1       [58, 56, 52, 48, 45, 42, 39, 38, 33, 30, 29, 26, 24, 22, 21, 18, 14, 12, 10, 8, 4, 2, 1]  [2,4,4,3,3,3,1,5,3,1,3,2,2,1,3,4,2,2,2,4,2,1]
P62  n-3=59  D(59)      A(1)     23    Y    4   1       [59, 58, 56, 54, 52, 49, 48, 46, 44, 42, 39, 37, 36, 32, 29, 27, 25, 21, 19, 18, 13, 8, 1]  [1,2,2,2,3,1,2,2,2,3,2,1,4,3,2,2,4,2,1,5,5,7]
P63  n-3=60  D(60)      A(2)     19    Y    5   2       [60, 59, 58, 51, 50, 49, 44, 41, 39, 36, 33, 30, 29, 27, 23, 21, 13, 7, 2]  [1,1,7,1,1,5,3,2,3,3,3,1,2,4,2,8,6,5]
P64  n-3=61  D(61)      A(1)     22    N    4   2       [61, 58, 56, 50, 44, 38, 36, 32, 30, 29, 26, 24, 23, 22, 19, 17, 12, 10, 7, 4, 2, 1]  [3,2,6,6,6,2,4,2,1,3,2,1,1,3,2,5,2,3,3,2,1]
P65  n-3=62  D(62)      D(3)     27    Y    10  3       [62, 61, 60, 59, 54, 53, 51, 46, 43, 42, 39, 38, 35, 34, 31, 27, 24, 23, 21, 16, 14, 12, 10, 7, 5, 4, 3]  [1,1,1,5,1,2,5,3,1,3,1,3,1,3,4,3,1,2,5,2,2,2,3,2,1,1]
P66  n-3=63  A(63)      D(4)     24    Y    5   2       [63, 62, 61, 59, 56, 54, 51, 47, 46, 43, 39, 35, 33, 32, 29, 27, 24, 19, 16, 14, 11, 10, 6, 4]  [1,1,2,3,2,3,4,1,3,4,4,2,1,3,2,3,5,3,2,3,1,4,2]
P67  n-3=64  A(64)      A(1)     26    N    7   2       [64, 62, 58, 54, 52, 51, 50, 47, 46, 42, 40, 39, 34, 33, 30, 28, 21, 19, 17, 16, 14, 12, 7, 4, 2, 1]  [2,4,4,2,1,1,3,1,4,2,1,5,1,3,2,7,2,2,1,2,2,5,3,2,1]
P68  n-3=65  D(65)      D(1)     27    Y    9   2       [65, 64, 59, 57, 56, 54, 52, 47, 46, 43, 39, 36, 35, 34, 31, 29, 23, 22, 21, 18, 17, 15, 14, 10, 7, 4, 1]  [1,5,2,1,2,2,5,1,3,4,3,1,1,3,2,6,1,1,3,1,2,1,4,3,3,3]
P69  n-3=66  A(66)      A(1)     23    N    3   1       [66, 64, 59, 58, 56, 53, 50, 48, 44, 41, 39, 37, 35, 32, 31, 26, 24, 22, 15, 14, 12, 3, 1]  [2,5,1,2,3,3,2,4,3,2,2,2,3,1,5,2,2,7,1,2,9,2]
P70  n-3=67  D(67)      A(1)     25    Y    7   2       [67, 66, 63, 62, 59, 56, 50, 48, 45, 44, 39, 34, 30, 28, 27, 23, 22, 21, 17, 13, 11, 10, 8, 4, 1]  [1,3,1,3,3,6,2,3,1,5,5,4,2,1,4,1,1,4,4,2,1,2,4,3]

=== MINUS-1 STEP SUMMARY (gap=1 in ladder, e.g. 47->46) ===
  Puzzles P4-P70: 67 total
  First step after head is -1: 32 / 67 (47.8%)
    YES: P5, P9, P10, P12, P16, P18, P22, P24, P26, P27, P32, P33, P36, P40, P41, P42, P43, P45, P46, P49, P50, P52, P54, P57, P58, P59, P62, P63, P65, P66, P68, P70
  First step is NOT -1: 33 (+ 2 with no next index: P4, P6)
    NO:  P7, P8, P11, P13, P14, P15, P17, P19, P20, P21, P23, P25, P28, P29, P30, P31, P34, P35, P37, P38, P39, P44, P47, P48, P51, P53, P55, P56, P60, P61, P64, P67, P69, P4, P6
  At least one -1 step anywhere: 62 / 67
  Zero -1 steps: 5 — P4, P6, P8, P11, P14
  Total -1 steps (all puzzles): 278
  Avg -1 steps per puzzle (ladder>1): 4.28

=== LONGEST CONSECUTIVE -1 STREAKS ===
  P41: streak 4  ladder=[38, 37, 34, 32, 30, 28, 26, 23, 16, 15, 10, 8, 7, 6, 5, 4, 2, 1]
  P58: streak 4  ladder=[55, 54, 52, 50, 48, 46, 43, 39, 38, 36, 35, 33, 32, 30, 23, 21, 19, 17, 15, 14, 13, 12, 11, 7, 5, 4, 1]
  P24: streak 3  ladder=[21, 20, 19, 18, 15, 10, 6, 2, 1]
  P27: streak 3  ladder=[24, 23, 22, 21, 19, 15, 13, 11, 10, 7, 5, 3, 1]
  P29: streak 3  ladder=[26, 23, 20, 19, 15, 11, 10, 8, 6, 5, 4, 3, 1]

=== P70 full (reference) ===
chain: D(67)A(67)D(67)A(67)D(66)A(66)D(63)A(63)D(62)A(59)D(56)A(56)D(50)A(50)D(48)A(48)D(45)A(45)D(44)A(39)D(34)A(30)D(28)A(27)D(23)A(23)D(22)A(21)D(17)A(17)D(13)A(11)D(10)A(8)D(4)A(1)
ladder: [67, 66, 63, 62, 59, 56, 50, 48, 45, 44, 39, 34, 30, 28, 27, 23, 22, 21, 17, 13, 11, 10, 8, 4, 1]
gaps:   [1,3,1,3,3,6,2,3,1,5,5,4,2,1,4,1,1,4,4,2,1,2,4,3]
head:   D(67)A(67)D(67)A(67)

=== P71 hypothesis (P70 indices +1, ends P2) ===
chain: D(68)A(68)D(68)A(68)D(67)A(67)D(64)A(64)D(63)A(60)D(57)A(57)D(51)A(51)D(49)A(49)D(46)A(46)D(45)A(40)D(35)A(31)D(29)A(28)D(24)A(24)D(23)A(22)D(18)A(18)D(14)A(12)D(11)A(9)D(5)A(2)
ladder: [68, 67, 64, 63, 60, 57, 51, 49, 46, 45, 40, 35, 31, 29, 28, 24, 23, 22, 18, 14, 12, 11, 9, 5, 2]
gaps:   [1,3,1,3,3,6,2,3,1,5,5,4,2,1,4,1,1,4,4,2,1,2,4,3]
head:   D(68)A(68)D(68)A(68)

=== FLOW RULE (n >= 4) ===
1. q = floor(P_n / P_{n-3})  — how many A/D units at the head anchor
2. Head block at k=n-3, starting op = oppose(P_{n-1} last op)
   P70 ended A(1) -> P71 head starts D(68)
3. Tail decomposes remainder using k = (n-3)-1 down to 1
4. Ladder indices descend from ~n-3 toward 1 (P71: toward 2)
