# d=1001..2000 left5 hash160_decimal
1001	11213	1121383870200639542093263786870656868472653212043
1002	60142	601423325268310880015161801388821705321882214796
1003	71807	718074979345317971722572670878186798116909946030
1004	47543	475434260816467385968650009277199002991699007779
1005	84266	842661817912838492014848325819627711033000515641
1006	74785	747856947245827463004749771647074250918197279455
1007	11862	118622214176285946679733104228186488052807401458
1008	96339	96339087249400959099540813325001697268116576692
1009	12249	1224991777342567491137101480066248660593391537021
1010	13995	1399594095046351044028122470431199102797628490634
1011	11796	117964959761283312831143013521765491491918454805
1012	13421	1342164096970815289686914197537622280046076694303
1013	97981	979816460779455269284482179587914577416320300542
1014	28258	282587515325830203168211950404581221628428314980
1015	49023	490237441747161774435166767062278753141205122035
1016	32758	327587386641248704666811248141568031309416280703
1017	13455	1345504857746052413621117316629660965917839007911
1018	25246	25246437388214794076149411100697360056982129134
1019	11350	1135069795318073605093833686920573720866492439616
1020	11697	1169721837468063571110201627789604899335784676096
1021	81150	811508378782570623852241068208832404493214250769
1022	12290	1229013690340662579818666784513301556992286145368
1023	37905	379059036752256107841898857691522784401127691555
1024	94587	945876176410700813431738370796704515681355695823
1025	98767	987678755156846440347286366978724887625175930607
1026	39673	396731115965283169746584092652714251132104063091
1027	18709	187097688771554132349649570195601946185522443061
1028	13212	1321260007252495190213304672605389379211241085821
1029	54692	546924637784830628209665927217637450366965019496
1030	65647	656472922336244591732313138196641047794793636968
1031	37988	379880437084551821042239301795524831696680290046
1032	29190	291909713809157495943218956316468234053019755159
1033	29453	294532547024560863687727439466671431873171492304
1034	70131	701313913744785584783527137239816202092404544956
1035	80443	804434136052396376707381715222144858922892465319
1036	13039	1303958867564209727340388359454667221364114465345
1037	41680	416807302478257538078609124075917826441558622269
1038	80622	806220848936050285323903591609837901694738724748
1039	14000	1400017570172621146042629148036447487868521427717
1040	61387	613871127942782393802196409882521914719449183186
1041	28988	289883189529798774881805408930860276360073031764
1042	13161	1316120875651064118363747554113824217625076128647
1043	76508	765084742966299936371042851222633400389538680875
1044	18545	18545687664822433094325864701177714522129801268
1045	58137	581370649989284659019473876492487126778909845068
1046	57003	570039330851202184380592937661082386272336470539
1047	11514	1151490072023266105700441934534620546528594069211
1048	13941	1394162305258992897697387974011523454648256164719
1049	14603	1460360158796515635067006592056182284590509280445
1050	38164	381643004616383293611477638929301701999402169277
1051	23639	236398514482451771105342698233732561277382722465
1052	17050	170509912610092870241469997200373672283431106560
1053	11409	1140909102361245543291200144860314046052001358310
1054	18994	189940349153916722146925903376643532593215144348
1055	10927	1092721007456622549184290431563591073378028510190
1056	23024	2302444249829939149505886271609319815977386914
1057	97121	971217326725554225063760082003131286257548957406
1058	76601	766016391294526168925348881917376343152590793979
1059	11379	1137966049295730946923990849586204870296339642986
1060	46247	462474067941476567967979298635305415615233754434
1061	53023	53023834063330184686435838303734583246863907182
1062	81088	810883130426643010793936272013505829332522382189
1063	95332	953328281777096811525760356977839368134616224597
1064	20738	207382941501060057776921414762726373626386502351
1065	92547	925473263554095243824455217416905401373589510679
1066	62625	626258183241636218478546585565612794034670559580
1067	22229	222298166081374981129647166428198017124131882637
1068	33356	333560662882929657343539348327105259251187129442
1069	26371	263711077123241574771622224566894025469554750378
1070	47089	470891225176211328319428089832813808418143448692
1071	86047	860475452726851799724739526964897237862943460586
1072	52760	527600634019860051972400316564131679839154522067
1073	44482	444826273752411706452983285370655540438918838504
1074	36962	369621947190019161801685792142652791613088353767
1075	11613	1161333624293245308791518298236144297555124280482
1076	82724	827247490238664151375147598134803654411791451125
1077	11317	1131739212838997322958592449415038896955940437273
1078	13011	13011586947230035298775768469202909930496043977
1079	13149	1314937110491036921940653031503687082427551315065
1080	12676	1267662618916981831467092310199004728349186861364
1081	13658	1365891711986870078679756029504295589900752281222
1082	57634	576346401913225026827396423336501510840851073424
1083	13750	1375014968807170035699513412705924845921117574736
1084	35347	353475116431492282673961830230893251547998080260
1085	80279	802795141876057846285498721318436240190599099568
1086	46604	466040052745734754762298472926585649916621162736
1087	13002	1300222796409628943551297652214052377910791437381
1088	29515	295157575845775660190980331936494724131658358826
1089	10382	1038233566255949281789452748494162553525558245619
1090	14413	1441375805224756267606737879687427372756602327808
1091	85547	855473597307095920554739947043918954302169281051
1092	13187	131877681596000395167715106487971733058825744881
1093	23665	236659191994908210996649332173647541751907062084
1094	92876	928767339210359264754536941597663379887125146633
1095	82458	824586409430114049441442090426088065357854031968
1096	91178	911788934710272978929844573199836717921223660456
1097	57067	570678920067150113543309946744102424295833604614
1098	89075	890757287653437195255764297818353477860942496658
1099	40475	404750963326558759663916371766013714541001564152
1100	52704	527048924674390411976615697695750301626141884925
1101	29867	298676678567022792526882655202131733274742143775
1102	50390	503901984872959274574612961157753112520449420873
1103	30643	306431965772688613792110403779475570314696244169
1104	13780	137806168097077331341322711768693611559917158147
1105	11116	1111665466770068863661088478673163798939733986064
1106	90317	903174988184170201430631645440529294614240944883
1107	11681	1168101577449570699663714974145081268752217429330
1108	34081	340818319910806934108180925458050346301313152805
1109	94803	948030142349032190413513761736561438833679697508
1110	96561	965619320485452145584134646184727307730257913585
1111	10794	1079465942163604484204683360320786915458604925743
1112	41310	413108191401200538578323011802393403816875790822
1113	11818	1181822412165694237975457775780971435827398864456
1114	24736	247363575320882628009949289052371292983051745759
1115	26927	269277604568741210216271956189055640502397188573
1116	42674	426740519848364982784822928038545963944194890209
1117	61783	617832425070357789523057690976605184848284578169
1118	13747	1374712930315396369269701439905417332717697808115
1119	13118	1311828603854115968846736590551716573800135353387
1120	36512	365120887812173927258111077210934026517717121585
1121	10842	108423227730908504028814208711157990754190384278
1122	21236	2123660632684001831567659778525551722274482916
1123	14248	1424898701078496906028186241094366483919836206206
1124	92473	924735854227285964885660465924538568141568692665
1125	13313	1331352863463865139840123720867724112980751578291
1126	77176	771763883765214122820945789330156545920994510483
1127	11043	1104356491246124627731780286319560105989924368954
1128	78352	783526988608296494773144318659080486249242879509
1129	44258	442586340790234899696613470382698667362038789786
1130	87654	876549321701783670087817015819868211186157618418
1131	63740	63740768949797630101455641034757102302851139923
1132	13322	1332256314943421746141902698936827552468647385591
1133	28915	289158313713407667351979091194122262448428186262
1134	16053	160530338910023937863801384501475326708503808364
1135	85960	859606747141741443965776597070452259982241246420
1136	12282	122827823237678984785576882649549696879673690360
1137	47344	473442699080906119791094022641818149318725742985
1138	13123	1312341301450262051280689862627858872078246904181
1139	69082	690825957758394915285305323214679427877010222779
1140	10714	1071488316320544073175278290174361545391932501667
1141	13365	1336575579949872585211788848105317491720345208157
1142	14320	1432090744325657766466282685950161572527639775180
1143	34405	344054789872367204755471729674257730166875138679
1144	49935	499356756693463957244420582978294130984861019218
1145	57991	579916825532258558846567401907064630352376941586
1146	10971	109718554133541926185546145134179610622414097594
1147	11043	1104364857303304138073746214047949258719865985828
1148	11073	1107383376758269218906578168588253949032959173396
1149	10737	107371638550203302066758771195675720592081945756
1150	73281	732817163476994925483766081210751330379233732789
1151	50754	507549415916040930716346590811819578799752916071
1152	89602	896023010867357457690766766167626911546550302615
1153	52775	52775748419966621682692543619045448649219962925
1154	13259	1325981282185723359349132648851981200355493613497
1155	14202	1420258574028295142069556855955870240178449439436
1156	92323	923233863274543718185370295037022600292741707390
1157	11135	1113516893048232149412732861877142098579864019076
1158	11606	1160659503898351521730395770151521845412276324943
1159	59180	591800635132986625902699824757353055000009184692
1160	42138	42138250335376974014422827669878735118507747239
1161	92422	924226880165835109963755532475799908178447464534
1162	97586	975867652755458619690596530456361180002562879706
1163	24745	247455456213690176527371233766508033695634945558
1164	12763	1276393519044777654347245343699097618091564777337
1165	10048	1004854419936954718470506598261432996890615947061
1166	59044	590444382081293429120494812938958193068941926699
1167	26803	268034724717479467034160479479897724655655044196
1168	85209	852093129446030336529102396512726976588386660282
1169	10214	1021443389056136884133991387375608949409451771469
1170	63577	635774419091687129525875200561493918314229374648
1171	97961	979615903276653049185501953542962068494144253333
1172	81767	817677296553558134833646167622880190006660162323
1173	45090	450908969128244514066403957074510369882554127894
1174	82644	826442903731060263811704095993094670059724603668
1175	50861	508618945967914820468214261023125830548380232903
1176	38079	380791909894201918462283648842664961986952228329
1177	69994	699949436136316303626278975350306302165681962429
1178	12355	1235599728381671901484695698699498558726970575421
1179	38460	384603644300877443342960643745636268885587190004
1180	30406	304060572668660460135556960968392632424582585096
1181	79355	7935571382603630654230422941426858053102835244
1182	12517	1251778563485747174552305257800290072473570186545
1183	34336	343369612786488037706225410734363474582190112349
1184	49157	491571000577705844487019777886664658187619814681
1185	23911	239117504854949271756504723770797602907734307293
1186	34195	34195843474151782860985971006875360571315066169
1187	85422	854226864676735809301652749646609862369853193651
1188	45609	456095620751927659087486334152670568457622104029
1189	49698	496981900260967951647743011845352860399985441662
1190	64379	643792383009182887126812667858289622116973785249
1191	67173	67173656303855510265599473499346978050152238742
1192	11351	1135176517794134952042794788960675533409907812692
1193	92000	920004314491985118339061225327888941506639917421
1194	11480	1148042221762384955381518107355663037399486045610
1195	15110	151105226590170780010857548523190784488168280971
1196	38285	382858468881212442258692367058498836157544073175
1197	63744	637449175544380789701696843631987375733627366650
1198	14052	1405202816847186020639602380696023037754208034692
1199	17998	17998931190065114291729705107135156704997153689
1200	37484	374848393059164785895631817838863230004838356332
1201	71412	714122300307189497776067828683988900604013112953
1202	28990	289903277159372491321841538070792291463269160536
1203	30820	308207151459236176674619523016116837319966522652
1204	75814	758143668073349607743821540847027031915401795509
1205	86851	868510865448888435024862869865573436387538928670
1206	90747	907475982409080071513244203237857834908491444983
1207	71809	718093689014581777407000102872481624949083468004
1208	78158	781585837501278464262752044658412754913669772424
1209	22147	22147359767902295142654630481762810872308914254
1210	82345	823457322817101264553108165126115238651149235804
1211	13928	1392823196703085813603845058281064173693835696907
1212	41858	418582544886804703252106317157496700195915426603
1213	12195	1219573595350926972031089077245341624980174249748
1214	68098	680980358764253992050636448531531870004918020288
1215	14498	1449881807326706780491223065909480234571927769248
1216	63889	638896065418490964497555481705763009138044975673
1217	12178	1217883113765472535637620854709774828368044924893
1218	22826	228264009727136426255411441782682631877361589342
1219	11711	1171152694684720994688905373698019978327508122654
1220	99336	99336265926206227548989843236990539488655157747
1221	27061	270616565247670287843761362048529362827420016766
1222	12932	1293261196443403069974448605012581453780406174617
1223	51463	514631789688029903929894678635219673725922033492
1224	11429	1142944341953090478699078529262831856698138347311
1225	80401	804019280824261938300722946206768967938726870916
1226	81947	81947635975690448609807948103700679772543667573
1227	11093	1109357440206538784766546245420300291312627908114
1228	66966	66966717118981040969269146253084105847528500722
1229	97462	97462280731569716983399789788179935138970394429
1230	11580	1158055771166145855037880102362731492668590269986
1231	10460	1046030373412328843006843705078045894877471487304
1232	57062	57062283108507632602824222121104545149819973312
1233	13706	1370683540455420787615752581315632070610252951490
1234	19984	199847075845760302555438852181740210399357636482
1235	10098	1009838414317387422037172199884453542568161017524
1236	39126	391267792986161545773244396907426695794173361796
1237	63017	630170580680727441187001074921988311203701726456
1238	54560	545605476655940868264462289620920825175432873969
1239	10853	1085366629953540342904187662398958642589326474419
1240	11782	1178290528218545863289384764975513101653130733857
1241	10766	1076623804283650328162428990616376630784784342162
1242	13948	1394850189131707171721812810485976293915309665242
1243	13572	1357287705672831057707669453867714501025714343523
1244	17817	178170077291935650642974719410623210193995773727
1245	49604	496048620755544926620523301426888321873479393539
1246	14038	1403816484399376098519230201716274470202363320368
1247	12235	122350095154557147107790957407766366427255612154
1248	10741	107411861369136151156803298010070426891581204429
1249	12797	1279736399707745372427800638113689800623882858168
1250	13995	139953292733443642251547647288588476624132920264
1251	89266	892667664696094961282326360669917117198583637443
1252	48765	487653966832515401364266063555402077629636682871
1253	64554	645548067920894251255176771046055333994389043491
1254	13142	131423239598167874671633176872535767746572398554
1255	50790	507900378266846760244002729381024682912243206206
1256	14124	1412489831146637357583881033996522901362214031254
1257	87259	872590870697529577933595062322068447876374243379
1258	19922	199223108096128299333105043401642399760347651956
1259	84891	848913156026985347916048020284448726652390215962
1260	80831	808312804542499331908258707647427811647471143367
1261	11197	1119784065343587097422486063868906601860100481576
1262	89320	893204336021824308556756895562171278755180846134
1263	11626	1162612830105143769940306604235420346022784347485
1264	12881	128816560538450588828891606254190670575725659824
1265	23091	230915063525809135065357747427567739262256821436
1266	13108	1310831248708811349382873210556833753639194815068
1267	10301	1030194813908170083005449832029302092302101125166
1268	12889	1288904495077582935189639960251938129916114440974
1269	12030	1203090630064790384023001411179843805885751104253
1270	48867	488672473201096395150999459358699828500339619727
1271	12658	126587535603087548113978380170637156393964734810
1272	12788	1278810500637630367181814256088962398467438226731
1273	23818	238182071718481853085848732866776715169144264820
1274	33149	331498921202033450610866067633733557410148375822
1275	69634	696345822117970955381223825083479313385371303056
1276	44112	441121935686301496443885907277232383738427525464
1277	32891	328915612623272545478618194242643289592417234977
1278	11160	1116092161028355283285702840551019158157167654727
1279	10790	1079026773425942893832201489099101406009985456124
1280	13616	1361649429560569826740464010470897970641177644979
1281	66820	668202516955019406358673499833301961318344538295
1282	12458	1245837722977151526036707352290687744103028741197
1283	80494	804943816306489111905242281763489095155650046822
1284	14491	1449127269329955633932847662513401504924308206026
1285	64002	640026859435233325570366618886294845119855535816
1286	25463	254639606016376155857463742251343716620089822554
1287	10159	1015965552879947521691251373671984130849956576031
1288	96779	96779690011524757529015318058567148809634946145
1289	84592	84592196661753458686497334505511491787579849866
1290	23223	232234818070847778032847741234211897280950516509
1291	29480	294809599899917995136981497901165554917564132492
1292	66372	663726528930987643814516437052039990217319474966
1293	11558	1155883600102007477450104619003240403195477552152
1294	62369	623694640263456317929742820862785858617306768299
1295	12031	1203195617761131763345782320468785447020733240671
1296	38754	387546403325080060499541775632634042468012275417
1297	11613	1161340767858381431150462500398108174659202959278
1298	11769	1176942467944977830018842036204901978330383771527
1299	31228	31228063461052088494727645017614000011918989371
1300	25427	254278145682317028726900113045378042619034096490
1301	14604	1460409793491119962690522866932842293695167108101
1302	10722	1072266972327025535749750499192445844050503924856
1303	42678	426783440378450050249290223060429866589310239695
1304	12047	1204777283487690346507946325774954164202583366461
1305	60253	6025398861900370231507467036389156803322359438
1306	37349	373499362558003540571402353411952436724590434064
1307	75161	751615280453248948306400121138949589761146195474
1308	48276	482760601256098521336237986682663856898401239745
1309	12555	1255539764188765149772258151163522828722015770714
1310	66302	663029480885500330871078301291880105105336543350
1311	15338	153380373319447003652901673576006759053208594690
1312	32894	328946948353494126619034703660628398374039996721
1313	56551	565514876906544962212949069254992667421926759989
1314	12490	1249045548789145066505073226630259473412516792751
1315	11174	1117466386464928499140235907477321771427770847053
1316	30390	303904739241456119611760374439795365132879970423
1317	49259	492599355578204743848955733946354404051268313177
1318	12595	1259518133936954041377814883343420054623103479721
1319	81474	814749708278469856045586108429757712112387578135
1320	32894	328942169779654921737013118184596354273927132308
1321	23453	234533883852352490943530462649487555370481940551
1322	13009	1300990646794049216517393838342350428914553842210
1323	13625	1362597476454211634403272914723950403545699927195
1324	27316	273164112106214535474660197308021850972338700217
1325	90774	907747485934854640482184243326846019562778492970
1326	31974	319745050362960043683080857743911718893907567695
1327	63351	63351102097812089421407042310848832550508515071
1328	14187	141876484878314280926998258820800261381160466510
1329	53716	537168821387229153533257822982824670273439468788
1330	93414	934143617948589943652155785906063520725204340632
1331	68020	680207575256301305482177072915441115101172641907
1332	10317	1031778692938230167407676103888850314508222564417
1333	12243	1224365300428010793928762760423162787115477747438
1334	66898	668988013268889988203124413445451905321575793327
1335	10631	1063117002156930767828195306186107024429615325646
1336	11817	1181766508374214404326103647941803010284056321110
1337	77426	774267115535235228102024570820123060043870028040
1338	12121	1212145579653208114163786659476414019392183508094
1339	83191	831911515072120510884665927571506332776664554584
1340	11617	1161707944204960714552827817014626489887154626256
1341	70591	705911383111958109579178155505845874500742735814
1342	37316	373168269140246590477856231801305344730549814481
1343	40275	402757659385439099409308815504824940944577575798
1344	91369	913697576016705687998065392919909857757243295959
1345	79953	799538624665754225112678930007897223942528504899
1346	76290	762909683457570611181902591426834198883650042433
1347	12246	1224681989024449601896016057963843629640739986512
1348	24124	241249588187015112441335851494083674080047207484
1349	52000	520006276444668452914773943052722824430551132805
1350	80369	803699942483135462110147639660194443786343378388
1351	13493	1349337363911535136104418257853729638193923689589
1352	14588	1458847843689488200130280792714782528019870930891
1353	90429	90429574809349982280243929876594068363553353222
1354	34651	34651508484568334587441205265173388523198869293
1355	13131	1313182918739997251546066935389795252820789387883
1356	61601	616018332484214574672310363846257097961087047058
1357	76871	768714910150563385425090356344638655277288439357
1358	28224	282249428423032793654104275827769542763838855796
1359	40428	404287619852871565261611605319230904858682296282
1360	78979	789790288225134272613178298532532849259031198266
1361	47055	470550488247192539067885423888882760238662404473
1362	25501	255018910676220366340217322508907204118018110775
1363	12830	1283030091491260007520927202027129160426448673858
1364	13477	1347711823418633925244871097893150402017567253089
1365	13697	136970720436616024102083413215138109934278681284
1366	39741	397410534254016478245093724118438237693570707537
1367	10957	109574861886290973644513783797605921681363667641
1368	63040	630400600185214295035904326394766889615797542105
1369	56035	560357557841896585914481266085691724802834723258
1370	14431	144318096400684186884467397693009140475002504489
1371	80694	806940595706683041421392660496829964707860624446
1372	22067	220670130125262643591801962091952974740678273221
1373	98426	984264789913704764299161558644418330234260199768
1374	23973	239739398601039840115378632237595632747220163081
1375	53485	534858088861234981996062147973846574134990631749
1376	64955	649556599921187391774618959146176303672675361548
1377	19534	195344451894824611662581193872802307196430107676
1378	99282	992827026533897368531071732957829664932133546589
1379	86228	862288671867103511572792187457355128415144122237
1380	69440	694407650533880018097227216666047270845058862273
1381	99164	991644370976635115932920015297709345577085027739
1382	12383	123830046306834983443170420648003439718791047045
1383	27384	273849486495813735704702895973745209849957797294
1384	13613	1361360650142542107736038473574948652151917564021
1385	55751	557519324395873217125662389003569690479309083614
1386	64299	642998319779240470071786968949054272370519355579
1387	10388	1038893753943121239601268564064966925323319218674
1388	67616	676164770518919796642830680835070143436989407031
1389	36768	367683939238012026873064411169898231092703403144
1390	13160	1316013327508844259126406421196981505909666893383
1391	51000	510002426339458002952574979260550267654906215562
1392	94587	945874794703895530086493818867797856337390353736
1393	48561	485616200015281223694688289434346213912113173367
1394	34751	347517202738824439922075754615632222644109335753
1395	50256	502564190630059403122330213396804908054955745752
1396	26013	260132238417948391618027128554720151238644168376
1397	10745	107456575296745471701279660758788783181627647089
1398	84105	841058436491940879777064661000578953635962092331
1399	11620	1162035258610926602460603090635664347041925791660
1400	87762	877620663790202503917201603149693537093143870829
1401	61082	610821221338958123190098435030525966798566813641
1402	12996	1299695504368371048936468667590291926476669582325
1403	13155	1315517206247816667807298156232266032824971167753
1404	46940	469406498543542299369260098897289647928810545379
1405	12487	1248794785774023851913072656021505962934611370316
1406	65391	653911139883241736249769457362415301935220806295
1407	14129	1412945777453733864484485763723447498236023674331
1408	20737	207374100463382599661844174815363025231409004556
1409	12960	1296098604996778565094096155253913367081745334240
1410	10216	1021694429610061515969723508229882165743683634804
1411	11493	1149337133752293675413392483735370990136129366781
1412	13140	1314052753764832405091343261120221122088972186436
1413	12943	1294337450144782616516007758588204132907828727303
1414	23478	23478903981341420376145591603933845794254160767
1415	32766	327666025712165652069384282503521648163917073943
1416	81565	815657601375785352833063082939203034279990959239
1417	12637	1263752224971527371835911076876372552174266129353
1418	12332	1233234533214572144415968881061159284872994743322
1419	67007	670077378109975747683733488137249079968087775429
1420	11111	1111192418372140335041245305683163943365944952031
1421	69749	697491262721567418855954017801896482254302230662
1422	89081	890819475224203073090893476260281613468002664304
1423	14051	1405198597450037880918891492759447526447065190361
1424	19039	190396526276560228687902841741585535472486491536
1425	64634	646345850010382824344272264032786387943391729131
1426	11782	117829551613191919077930073953684671450915968947
1427	13455	1345585765806231861894967653532250349389165756653
1428	90536	905366168247940818390817140504030462045927912249
1429	13033	1303346890981311622375044536888799733492813801526
1430	12791	127914678782553626012468692574276798786007342895
1431	10297	102976317581560874470015237240262077648369283404
1432	12476	1247660622583942488355283972969361907312139698791
1433	81316	813167362265052337705112667693508622009926099199
1434	90409	904099809933665513395409406341745472137123899973
1435	72149	721497810945815068404479189758953314278247761494
1436	82547	825476073105303167789598591516991133328502024353
1437	51930	519306220805013857847018201649660415965838737213
1438	89596	895965026465485547665337365226634131215394513663
1439	95852	958529679502991273791525224918988195206526150421
1440	10456	1045673830343239491041632785873963020404397676426
1441	92765	927657092206899277246848936810044642771432128365
1442	12393	123936875903045149901770959437721590458468686389
1443	10249	1024918537819346540963988642590147843958339605646
1444	65001	650011083074451386587578396580556619229032423840
1445	12029	1202959154841169599220204092812061332103839420934
1446	51420	514204392821581258207648395671078500837893392121
1447	40392	403922155033798074212442778730009052297019844625
1448	62565	625654071366687548319317522075395026654393770525
1449	13024	1302445724403380598599848338508539435064564772633
1450	92250	922508800438736240643819873358682826678833161759
1451	82852	828522851267015048848461100821649498850811822859
1452	10492	104927788781333674055280099559747907763161296247
1453	90345	903455157479534753806992091669854181513447412135
1454	10897	1089774007039729031797495518287722665519818236772
1455	11823	1182347478692370767972096926532960207815192505930
1456	13923	1392332023600983165915620463392552974410328908988
1457	13395	1339508302287812716119604610218453416660972849384
1458	66184	661849333565453612714529391099185154691828795384
1459	39979	399791990708502336975806530158296064590617147413
1460	11515	115159909065995749897428398480927536574951503956
1461	66025	660250317490754359294813173274984698157985764756
1462	79954	799545709195178449420238673272306892682166026610
1463	19067	190673305583315127782752741560366750114742785052
1464	13043	1304388134482847313159254481685698101170793092449
1465	37237	372371718292817222778202351195292106986106665752
1466	12408	1240818745849832230006047067726932596733196222821
1467	12037	1203712199542353171144235540121455786281604516329
1468	11491	1149182633711997914663837375038843767362143102662
1469	12431	1243129248498125332958203436944395295130202386518
1470	60802	608021656313506873114407534415741076314434394002
1471	24106	24106208484291304775344511104409385700137821044
1472	10195	1019501409646008300282104149160465356616024179403
1473	35685	35685212843157501630098714599072715456028862562
1474	69467	694671406299133193451317288863459202964484425196
1475	82580	82580917288078341420185857378911533975326893189
1476	86201	862010321788889414430993889411930891095272544342
1477	93602	936027353694721331088628668332123838444410640514
1478	51856	518565971233136231351338626776627785346671930896
1479	45345	453451066506822583952756502010441029492656194145
1480	81998	819981592317357248356630209497082938588679697619
1481	37582	375820281529819939483010249832029711010939452308
1482	91178	911782164573394356932730134848235587752599118302
1483	39104	391041567178533124862545515869571244733348101787
1484	16626	166265173868985384458377509379216906435828704625
1485	33165	331657265255730839291383949369400783512505764545
1486	90463	904633676450939103547694211177447623953210185566
1487	39979	399799927025805472548688554774295846555255783595
1488	48823	488230924398696974622623309189415889882212607320
1489	84958	849582315185601174581620395276206983536246537551
1490	10701	1070144933045446274472120356310781936457788205505
1491	97683	976830745765953136100400430342312446275890580597
1492	10366	1036623263181585814585785200814985681776422298054
1493	36332	363320881732332719305993106329102857806710098408
1494	14292	1429291529094164097394726324563855172700375712469
1495	12333	1233388482236667186159292376258643751327068970989
1496	12698	1269812347158765150356862726886975888319544491373
1497	77370	773709907319253128253467213213427027207224029006
1498	52269	522694862403620673057459937435934653291589619895
1499	70594	705940999657515541702130017517094015393170208599
1500	43878	438788794797586221740908702487776951729329553731
1501	56378	563782969860582536363223166108710917353130063653
1502	94392	943927426355728772353734807588987795089181485083
1503	64724	647241449820412570500043824984579978106626820452
1504	40240	402406009198911818715710061239583193570700416317
1505	91529	915291642641533121857150445280992085900515378203
1506	14104	1410489428523882696295995629933459900168161596599
1507	29171	291713395071756084944636453237216952047532464112
1508	11431	1143106162961027151912474470142511599538821399974
1509	53654	536546090902052234571340051862040575596392911188
1510	11084	110846886815790263653521148215749029929542466066
1511	14361	1436197501100311842267624427110283419760860941884
1512	65013	650132465950606526380975758194776368105359745283
1513	68824	688247997199168601070349505710060728291559406499
1514	11513	1151387409620766866685069444085172316140742852929
1515	15065	150656772601511495613318878883381481040329085960
1516	10053	1005397420875421515878898682091659132813708308358
1517	62356	62356394860092106195112301783931491923032994668
1518	10809	1080976796868767336072956370018851565383629651581
1519	60266	602666164285709793177212631652622995078113673269
1520	42205	422058263821425058071857281377556803159265146937
1521	92843	928432844908009855568488484757862924916531824947
1522	56241	562415390303899861980161727477633564174397392951
1523	38088	380885516162871173040558070216163281060460329774
1524	18870	188706799952398629175506591750916904363693218117
1525	76320	763202319130205308279276478347229485690232942865
1526	11241	112414093910502461225640903229600328199988319525
1527	12870	1287040426795068364633404736282271749525377558167
1528	13412	1341244233076471559053714821529654484386118038247
1529	11967	1196734638687263469895407323419521980221852488548
1530	62289	62289890625013250608845536839269380959277156170
1531	11578	1157888016169841276521160377383761898695707053492
1532	40064	400641823142016910861703106325849659977429179907
1533	63438	63438490710586347341617264271095858519648605138
1534	12029	1202965638625723136029770348056792317627209761287
1535	69925	699251001096024554355124332016933900714323656322
1536	90218	902183607509191074374518397457973646069676640856
1537	43351	433516170063652235935063468310733551778901332660
1538	58749	58749017247493799570200488001441689008270137151
1539	29488	294889328296279776460060274158866520575981578178
1540	14567	1456790877074773103925860589733577036917069679130
1541	87447	874470988912466674303514021127333678052954026005
1542	36890	368903041238701260201068819829710377696554010365
1543	13649	1364903071979309023498820030651114988811828011406
1544	46227	462277319840225452664449669922419685950518131501
1545	66690	66690183733568177637523999999664489158040209807
1546	11294	112942811127494933586875494370231567424013433530
1547	34602	34602715819759059214517399741129064095359673382
1548	13759	1375967470788760565663686355039608767398440175511
1549	12367	1236767256274180836960161570780481055366506419725
1550	72256	722567104829807060867322134444440236607636672547
1551	11058	1105882345371164428488723701703305566007409466520
1552	94062	940624703244551165141339590311356591570679002460
1553	13364	133643468662610376605750263987728070608772444962
1554	63567	635670931624989594638656706762599386533590990364
1555	61871	618715755463543544450326377687608185900325437674
1556	26348	263483675666789107739648452035048632887210378460
1557	41801	418010920723054352692921581324099044194139362201
1558	29057	290572540594402263915254287408645885639685749412
1559	11489	1148984324710792454969914604912978730585834220007
1560	12542	1254244201324869610365785151631074288560513797030
1561	11557	115575646413387067945687652382690912380039365638
1562	12728	1272879371496673721327969469536413139366414587611
1563	10393	103938585115313549961730316673657496471231344089
1564	42317	42317894849051361729935682321143287571973504764
1565	77475	774755891349579246888369977433631715781655303304
1566	27622	276223312573721014274008934757187223538740150642
1567	78206	782069913410158229287279365992914103002671314714
1568	77859	778593720498317721009525546753381944326486551629
1569	91439	91439875111019460099367410093539354980769940086
1570	19629	196293543690098726551494350067627264455796823945
1571	12175	1217550459455197167997763546250120778376161158853
1572	11672	1167282034103360270187533005468026833169139704474
1573	13954	1395443665268418844687433888471624979622634764572
1574	60223	602237826032885669040502292155609252741376562154
1575	11993	119930421632195975255790618811140418641448018729
1576	93509	935098575216896460862082936353324514415121831141
1577	47264	472646175450339067893539836506978736542161699899
1578	13080	1308054081125882605928226046238903093179206747482
1579	12846	1284645782614308027952827531783123874573286580091
1580	84613	846137876891026709483606682730230528857162871484
1581	20244	202443092376683181070640744579576736743269003595
1582	13724	1372415474571473484830144475474071883269021322557
1583	86485	864857025131969989584168002721845371132082944218
1584	93819	938190564169430753646397898087492729418583762670
1585	80600	806002900204391251432864598065294491127602673179
1586	10273	1027368187287952563684785580578200808385958752987
1587	17549	175499089261517929538480496761978192693170959284
1588	10770	1077002171215343243344975257344534751318124787237
1589	47651	476513980724349631144864162162729928422890405867
1590	32956	329564039264857809470699259404017232369872532897
1591	98622	986223370059623556979448949358752811415972690941
1592	39117	391176600433769185229816140274392789615096643525
1593	81162	811622905414079936669251900659929742884805594684
1594	11262	1126217034267725206132729982043585953928605491422
1595	76427	764274743719659336167695233903392802044508442110
1596	85638	856385937530226541216442967534054368207370380019
1597	14164	1416482876542027504833372396000705089094425029630
1598	53621	536217375077011918064883465754652588760155273862
1599	56516	565162385868608026163044449036710579689778995854
1600	84844	848448987711859041586524572954638263941592508281
1601	46311	46311367886376338250663058409743028446893102358
1602	89902	899029252854367883573862515191397596570967771537
1603	82207	822072875566690864294785866373876771711438817398
1604	55237	552373232500723309044476924808949702143238527773
1605	85648	856484142163855387989757461855683576360172788432
1606	12246	1224667471050038689539241375933848056546044785497
1607	52114	521142834737888498970077592556372219386171853757
1608	10343	1034384738882488226276066973615085138940437439180
1609	13533	1353364111348652500109523930491230828988130558592
1610	12932	1293203536471422864934980040822673035282297327969
1611	23950	239501313470043568601961142027596684528508864738
1612	64706	647064971634935086893521595062098931880772878965
1613	51239	512397289962151330299831161858274688277051734915
1614	14573	1457338917195810158377245049781885337364490721557
1615	17685	176851867721651645785157539524696340848377477411
1616	46353	46353744627285538339153075148272407389809487534
1617	40726	407262787416512299049876029418647874063057348785
1618	91346	913468312809918957064666427564731358200099468754
1619	30611	306113766096896124574771991261569707022120572826
1620	13967	1396780271290863117952199487834883569124453776489
1621	19539	19539275969404683622257290012474362188926387082
1622	13359	1335931059689301749761714549860259020272299136621
1623	81658	816589708655949258361387164342383507207973427931
1624	80067	800678841566419718607276516482031819955557394409
1625	20208	202088895724584484425321576673460789574967771421
1626	14437	1443787179670691994028551917898274408071412735882
1627	14749	147491115381463496705914968760791914096862259401
1628	12870	1287004098995636279483705168088520009968769673512
1629	77882	778828851681459640402934557117840478129000560338
1630	78435	784355405200503728255033608797866842964902535599
1631	55010	550100560271146789203004955922917441097514761197
1632	13564	135646558818995303437873175392819580337227109904
1633	69038	690387465836186821038160707991036502798902235988
1634	38286	382863561659629481081863284206455126968169118491
1635	30418	304189652176713187199430116966566085624866765333
1636	43674	43674248496140673490166208027323709527606929304
1637	27480	274807850978857964632517558414002396936545198288
1638	44496	444964729874184839018702545761144560180706214033
1639	44351	443515690262294610397135496910836568761312405979
1640	34444	344442991042590874031788489314014624365820298575
1641	72525	725250749086101667951411236550197057111326287825
1642	74090	740900113739095541827877017527138761471642347869
1643	59873	598735927105994897051533141690791207078088975841
1644	19287	192871891851736596467212269472042641568885079996
1645	14612	146122438043585502390219785956874815285672278077
1646	10977	1097702173905131772397241089811150735055425798290
1647	13214	1321406074241998684763253904030302874660494089127
1648	27146	271465313739606914791887543487791441551824243129
1649	89180	891801570596514948237552965943548170017265194329
1650	90087	900877686614375394670060905061429088334261185512
1651	73531	735317506779525420939603148796906776640211660767
1652	67340	673408308817835882889820866372646329499147649383
1653	47771	477719612119791559508220005375703261000143724694
1654	45189	451890039794229480558713267322854508571970197746
1655	66129	661298510237866828964607894642309446909006521418
1656	41182	411825224061727413966058373680058805044287310639
1657	13985	1398571323270958657595630701856686770183390824462
1658	95395	953954450549235549594987633774461995056486528447
1659	50354	503546246435321787871635266598460147586290529167
1660	55413	554139264713623122200760371533910257667753176909
1661	18971	189715415466588037846208881601064947756917165495
1662	71516	715161564796216518605232200747722900953136239035
1663	89349	893497502229689073998762621828116293068345098213
1664	52668	526684423478791947440990719130946295177446057105
1665	13256	1325618387150546312882253080637255358149810469712
1666	11718	1171869214615027096529434133020718449530021051462
1667	12712	1271214767548798031125061160560480403553933229509
1668	65500	655001951822230025178238951466565325864674543105
1669	53220	53220388058790440156807651397026928481373094180
1670	11632	1163236340394181738558372611754168866692912472093
1671	12567	1256759548826743740318421219143059777304909748480
1672	14054	1405421040330932082883423159576506973141551751529
1673	12161	1216133989654375706057816974090689654976861008465
1674	29604	296040587857484727472687749161418719568631008837
1675	29716	29716702754203519956169905039830976095545616221
1676	81041	810418225092113761482713271757631573696781327358
1677	58482	584827166341114528160427054091825654908089703730
1678	10151	1015174320043670620668463030221174834461846323130
1679	66793	667936626342247238184942609193748745133572518690
1680	63530	635305664568630048864581311024651723047517555315
1681	79937	799378587881568338906270707716757699350514901634
1682	12118	1211800526045330478583510379114450230627950864202
1683	10515	1051545949988619097465747709800466085459294854117
1684	86414	864147902209610233666263636083889976605079147493
1685	37826	378264974426894390004461042680147531647727061032
1686	86571	865718089775892302588397116359852960596799040893
1687	97312	973121188125093391866786715027810272023183385432
1688	68082	680823178692322687022111824980518119857509289726
1689	29059	29059345656958241983062668171545331079885942610
1690	70923	709238553957691287599792062809961309377983031955
1691	15762	15762504546671301946591761579732366551017436607
1692	12517	1251730388848330905763622498629400507659046763249
1693	44432	444322420479213585792228108898601030355355610654
1694	12057	1205766591372373443550663173547180259807766250782
1695	12477	1247711136266127447552246328758769863135877828646
1696	33436	334365042048861933632253297747583880270737587333
1697	12181	1218120783657828812700535862624886374436070793623
1698	91620	91620514712909666845167809294968683429594705567
1699	64616	646169224783348212723399094260033833722093637067
1700	39554	395547213017609790114662017186825209012459833043
1701	12016	1201671007391374499483595272798226719123954758329
1702	10280	102804309639913902385590966488827880253764116001
1703	14127	1412781755064760702551821691129659780006591451282
1704	72902	72902788468091510695681970265821604614199577267
1705	10921	109210761359493783542198664917133220994253365078
1706	11472	1147261915353174501150312079855086037987806598943
1707	13467	1346721955481857867063201275125287352282001511994
1708	12938	1293867322142897269583580732258551303883366098540
1709	16615	166150565009863737983284681736017918585279997215
1710	17286	172865952329649790904473587056173968438861599808
1711	41378	413782326135151612153995879460840132039092258318
1712	16913	169132070943310788125488131148936915042645882013
1713	11795	1179551053904827960334264510254208963202869152067
1714	65926	659268056585973970807446342386453101453444177282
1715	11473	1147360419208550419314751429196523240014388593199
1716	14506	1450619051518262089837673453412327871818687346027
1717	44403	444038518904665988542797630372129057156009028124
1718	89363	893630205878293017064127025292968607543869128836
1719	11299	1129963858486239246048088152790600919982567340584
1720	13303	1330319759522843663164134195940447495882904216053
1721	13439	1343975020734444575961054532728749522752925675987
1722	10630	1063043617004466245016684408456419911725701230062
1723	81697	816979330000537057027156454570069780336460535367
1724	65312	653129088319845077444499696841040035916388270822
1725	80430	804306544257495661168652428314348239524067029498
1726	12421	1242125164600246847331243909267683130351377081006
1727	11819	1181903576252533523558501965588891443660664100815
1728	10178	1017843872122613859392066229941055487550894066094
1729	13906	1390610747051722817589311211718995977650915547424
1730	95307	953073159735009832064259068470688742935543883354
1731	14195	1419528029725004204545714169564106904987060842179
1732	14080	1408057795505373734028852372788441035773249605357
1733	42609	426092458280420949966045974126643423189111848712
1734	16001	160016436267065595258066230120604023173234566147
1735	10211	1021108027789078417999892233134020733713288614874
1736	64748	647487516864640812133009712734898630545891416249
1737	72537	725371479935665464674575220022557438092535498286
1738	91783	917837913928135494275120720078602195515760659408
1739	10630	106308612880812259296509354497747137103875950165
1740	14116	1411666585334502805182748543201675510415068833818
1741	10439	1043990951297154850369257878836460645130295601994
1742	12357	1235795674875785774157015120619167386358975769297
1743	68491	684914635662466304814815892981359746236215362907
1744	11609	1160981050433141496822131407540380367294927619208
1745	47757	477574817818926111945072714877712289520789970566
1746	77777	777773699299223132537095383793969102631782286062
1747	19812	198127982344745654727354487313959908848452511592
1748	73466	734668520929658149225251678822028544344848022349
1749	11596	1159656754182131364862559632774959035559336416741
1750	80202	802021527133098494288574812064100209333727325865
1751	60386	60386550328758307136368006039438234436680556322
1752	78673	786734245246611272840458514236303595774028293306
1753	13338	1333801590540527236231132689926797328654069232592
1754	13117	1311788148993995296300702170500931765620323675237
1755	14361	1436139045268339740475097448580102931064061694273
1756	41030	410304536493469841991932013896673494385088362237
1757	40854	40854278187626236935576189913726818322396190703
1758	58447	584472427087673715869154997034333452418259935686
1759	11174	1117406260471183734760853469381835699913503015404
1760	12238	1223832669635982106889614205517169416817503587386
1761	11367	1136790689725324946006193972977580552996433828370
1762	61555	615558879781508655358988799313955807093789256673
1763	13593	1359309014178169651833721007023021063828150075433
1764	23986	239861911288000018005450345511174745161338875250
1765	13963	1396332275926678996083278549954628319792964573635
1766	18659	186598105547663293446847589435401353418130040203
1767	77150	771507171342316674786582006361254144859166734286
1768	89667	896670351793439805123702226739083869254729848999
1769	10032	100321479020768571146802004866285405170095933043
1770	61539	615396842708375433150814025432744833233275878068
1771	13459	1345955990783728915058106779425299401046615934996
1772	86979	869791579801554922963853507777719697506640214958
1773	14127	1412770482558119726733273051021870329839035372064
1774	71938	719380624575438360913899967130767513559873996677
1775	11679	1167977287064862713102357687479948573506120959039
1776	12907	1290748510466183500561313002320716325822840005974
1777	91379	913798450443018910897416551023485371233419147365
1778	45211	452118328269064184060694013069961896600576483420
1779	68113	681136902443933237857145839581545204203903690656
1780	90305	903057465125633699743424604860945732071515065049
1781	13660	1366060417963042453834381206809293365764278078215
1782	13012	1301219440197759894407486921572975553066781746577
1783	66181	661817540471020850621890723118576222143365084714
1784	52757	527576017242126551002079823920830020016789642561
1785	14298	1429810733750751985978254360421710894554887860808
1786	98050	980509901780344176988737717495627838102281836687
1787	96831	968312263053291772045211096334654825865380666985
1788	10083	1008393386033808046699380591723091119381868526860
1789	27957	279570291180409590044361360894792212211540308887
1790	12918	129187811869175616923723484447800443224521008906
1791	40448	404485497114569787488665667497989265175910936280
1792	13989	139899021702220047274841484797898484292092594254
1793	16537	165379586008379822015834363932636510167185682980
1794	76696	766965305017850183089377192597237252541920451853
1795	14276	1427653178716311198387448756522209269612455776466
1796	32622	326222981982932677510350836245059284555200604350
1797	48278	482788118098498791059350879339873889762536804528
1798	12864	1286417081242001450210180428184490937674125094840
1799	13327	1332785514735900745114319825855058152731006247118
1800	52843	528434843211377426499300926619431683439827751186
1801	63311	633113695318465305851612488789964665751745531263
1802	11133	1113323024645937087308735395271171662459122666658
1803	31967	319678082838902680121085260426523768428732446441
1804	14400	1440036174153136751307628283099966770859339028682
1805	65446	654466810627493442402046333007439205810200478170
1806	52212	522128675233905958974174894648455154022078381850
1807	69503	695038832157425204988668157864243590260705968230
1808	12600	1260087155827691932477028745769046675848948359634
1809	80498	804986827390558568457813284715534392380476084880
1810	28079	280794429953173613972581575967510748229697616499
1811	18511	185118846750825252608995652854253507024937053862
1812	89007	890074108952534411755934801993340621250072514414
1813	94026	940266721152445107675316312364273196401327377704
1814	91513	91513170620872268815308979749663231336313412779
1815	33292	332922616637814591511017609333596715189857628380
1816	13884	1388444156169208193770297664651320309110221947724
1817	13632	1363282967334632008883011766126125680093004184268
1818	12003	1200349044339294749136980754615141659043213241400
1819	14298	1429850957730619751408899170101113137953858301912
1820	10217	1021769354132001148226167531774848165657812448248
1821	11476	1147615817035874001851038924082823925723691269405
1822	50067	50067723122255816598822530259297377956885216397
1823	11358	1135842751100101531477015096821982733799958181793
1824	28407	284074312653039013056187293262350172215180876483
1825	12160	1216021100424224540857154510683438060105672644030
1826	55056	550564566396754804575961226266437088550286859021
1827	51712	517129546081066011494315653620356541970369755079
1828	72456	724564924408490467297468317240800778044737318330
1829	71552	71552585748177060012834785512750585224063295978
1830	46549	465499789940752806952621841167181272697435374665
1831	41717	417171374322838373215656674896217722114953727941
1832	11063	110634505287842297053406399533255088372046922734
1833	32958	329587389518214511910208169760618344682114252194
1834	85321	853217242495758293462660008531528438359083090547
1835	34979	349794124272617918776095532415739528499297427816
1836	22180	221809030448520434095155771427218100900549084595
1837	11905	1190558904362796589990049662888287393189833612954
1838	66583	665839439055873193647754072238054002753063309437
1839	22986	229867019947773451689326254880999170828764688496
1840	11704	1170470857141324659797159878849998443023714088075
1841	95427	954276630100751609205843633002345755921767548401
1842	10135	1013572409753186680599729430950899662580728509573
1843	97540	975406825247965377144557279337175136526879064205
1844	80313	803136159779851894332235312083933296894275433290
1845	14796	147966150982730600258625239684581026917604472305
1846	89363	893638278704515097224273002297481865065641079540
1847	28211	282119564700825155158176899612869897504968009100
1848	12328	1232820051533216069077558406993328703920080612937
1849	62996	629960012132468786632042951641245792189336553027
1850	59517	595170398585511227406569325402301122537204006520
1851	72974	729746134814766011706935402100996282179291370795
1852	14050	1405022130743195683989686068173218163830951417577
1853	21908	21908012251781927093473344465800158734169210946
1854	12796	1279611703424830812320759708112725995371435528028
1855	83224	832243837392611586885566279876119435234537390232
1856	93374	933745934748324758649085698475753470222881944733
1857	82242	822421542773989512531313362279576843767773828352
1858	18790	187902151990214957533424926979771473872327950655
1859	10621	1062122458548270461350052839210659885757601006401
1860	12588	1258878369553844400118323782535434121634998715047
1861	81940	819407227927268262434764756870576662991536824035
1862	49343	493434141048432532863512452407611722756694400421
1863	27019	270198380751319019994313326701453592463624692643
1864	85278	852784336210210731682625487669892168366056101648
1865	34982	349827655366274739223807197437526763257770996249
1866	93680	936807720269258720489944285189426113917877433300
1867	90967	909672792989672840414755155967928657128981300297
1868	33333	333334948410325971623788879865444168205122073311
1869	99148	991481153672002746819163923255288604253612021093
1870	10688	106881665962330873744963215967228141845135765954
1871	12756	1275650873319430228365293035935086935141037722910
1872	90689	906892969857555824098416191077153917678330901475
1873	30675	306755530542269805732130819273179868273432313888
1874	14532	1453236357408526493756180223800985744636796251150
1875	46126	461269624866150472816828914570017537456503015970
1876	92403	92403199543791512193068126058540887883300024525
1877	32371	323712574156485288425782423934633287757982517229
1878	40547	405473180970950874839995096867717554516699420600
1879	13427	1342769925583765012166106898537355283705947845753
1880	11727	1172770594952100973663384254750335944942907881781
1881	66201	6620197204581541952162745494720034091892594533
1882	82961	829611606930561072244952782967985159030356697903
1883	11749	1174949191985241560887007539645795188902668490914
1884	68028	680284443445606700429976858003233486417383446594
1885	67971	679714944832658418920812410021795281045165351326
1886	71452	714520242479087363654564417368501562238898329367
1887	10164	1016427930407333144037775863268835054488099972839
1888	36888	368885915890304395228479223579210959716594703051
1889	43703	437036041516964874259982254713556748576859757691
1890	13665	1366562051517211864011222590032376721483465916197
1891	13861	1386125550775098305204425086506552869015683669274
1892	10441	1044139998242057333484780331069710356542765336018
1893	14576	1457660570935741773649729894731878249451148921079
1894	12794	1279476895226976955764168977400998405667223090585
1895	11082	1108209408288868542102927948528953750304415696117
1896	69380	693804464085149205419478885616683834819281000031
1897	73146	731464512033153338413470217480602714212228971399
1898	92873	928739898409251552565021083256784496262294572269
1899	56896	568963763299218007404119006727386719001444024448
1900	78830	788305977870949898198379234136982670458709452688
1901	62877	628777105851468229953734355770997506806165241021
1902	14176	14176606503911892397986642470022803682065645711
1903	65166	651661931780252612105714086265894356145665715939
1904	70103	701036345731456613535928545692087444551569276269
1905	13773	1377380665201689568911930469246225291660998162289
1906	14322	1432294845736246015317950484564321061687192922449
1907	90228	902283239601323245678583898264844039732033788781
1908	67707	677073207732222430982128819438390005842953066969
1909	65678	656784824568836638760913471744544018489882734603
1910	42144	421442169338615623500755576351678410710931358210
1911	25291	25291225026097365706618162066934817100043279886
1912	58660	586607103323539551158779568646206696576386718905
1913	74507	745077226521941544817036771680525407170780034723
1914	55510	555106050044199924586734242813711962171053732785
1915	11277	1127735478234959702514490784604564967714082036761
1916	48691	486917299891156034126721454124738157985115659524
1917	78556	78556317117949645086800201693162566291499598620
1918	14154	1415444030230631200547447804772622784479677941494
1919	10651	1065170590736674143721287666202018712305850135614
1920	13273	1327378704166604225281811571754861185008088145254
1921	28448	284487735995276274746327115684699224633719801891
1922	21145	211456014626103583279012230275530340216680113707
1923	50818	508188124779142701922616655929008513415880109950
1924	12572	1257241648531727260057488432344021215220050779127
1925	12524	1252401133258377034707891411158149554199588077031
1926	10174	1017438403990601235617333975440856497415498036645
1927	22498	224988128421825799581186201912563457970623950304
1928	45519	455192457627432370650868797347393151464067417499
1929	54291	542917491959060832248251775491995583148639069615
1930	96315	963152267298372628621453844254304853510309190861
1931	20243	202435763106446449037847937750081384559667483351
1932	10230	1023030560243583158260141672731069987855782168875
1933	58577	585775918015739969855037288245682417035503736711
1934	10149	1014955737499633868227870087416065217942054094561
1935	13434	1343455650699702600659164710736751424955916095264
1936	64670	646709856260478697936612212766755691693011145023
1937	10193	1019334858779277981060596434271166605421139283672
1938	99394	993940765677219492605037528559411923066013190485
1939	57342	573425941931996004369636753406075253858338133546
1940	64162	641628352017647125868560577861404337519699831883
1941	60613	606138742901789065410400451420265158533458187600
1942	12253	1225360935925553121415478647106416255556788959436
1943	43256	432564686706440850290016819928358899413816809764
1944	11355	1135524456901696430976185656580783142154327052616
1945	46853	468530417425456970840507086011648792923573536836
1946	43157	431575035279782460426488279977286101432625763371
1947	10368	1036888713446657474758709776262263372959172626173
1948	11156	1115611766194207633973608788534242715192037703877
1949	66689	666894863992936953600915263079025925042459104785
1950	13700	1370032511188865383204976017803273681462901606293
1951	74007	740074799712647367413478480518901113713118580083
1952	73659	736594617022456596258279811037496657025356305052
1953	18571	185719262493909879600885446549009503935475734163
1954	12912	1291214578121228855887526823114038253990637603213
1955	11561	1156186009391491461251632978029632695356567531199
1956	94004	940047002459354803491044211994587702613354818497
1957	12081	1208176921456476276975852112626788144699367418081
1958	29103	291035311081558120305525966800871305325265125888
1959	11534	115341885682471459563528080019339727074955829124
1960	10090	1009005545647438333318326089722133384198849403357
1961	99594	995948907180611681880663718341628211912621972321
1962	66768	667681414215002835920653801028071450593745873668
1963	44964	449641936302941523397270506895441499426962927911
1964	44158	441584912478730688431941163043011363790858552765
1965	12769	1276906985408300613569507014730644597762452054635
1966	22620	22620511716783677763615939143177716858759852809
1967	64051	640517532728629336917803728018422028977325954406
1968	90480	904807813609621259909977050551954033397588642642
1969	12258	1225852184250345347195803053432186969915073554764
1970	12680	1268053075719933366204425888227793637260180323650
1971	72079	720796154207101566296110566520713287080870399353
1972	13741	1374184009449015545673971677312998525501660633234
1973	11594	1159410688499289683526228498690618890082898927992
1974	12416	1241614039967086030242646310436874375061609803194
1975	44753	44753724541728497749071140013290884506761214748
1976	95057	950571102507796557809197319419236100898268861751
1977	14495	1449553486554761950436291695340323338462879291169
1978	98494	984940633414165796808835283840975625180699906499
1979	19366	193664994043029256793005829171299349052012341820
1980	59694	596943949461033588942147842421826633831487541753
1981	14400	1440020352557907504435503756285446368402229849759
1982	13540	1354038898891837228619014879653378554526841669503
1983	58926	589263687791141989706988307869840888236979012228
1984	19109	191097234094565203735060133280295318415986836656
1985	11930	1193047380263309089925324175906611750658330356338
1986	37415	374156637517565950784221947523523218075602777759
1987	14976	149765773912341340420458937695767046764644117892
1988	10846	1084647984755644941424509518658404987533468599664
1989	32429	324294992315542991280255181427386799832197462036
1990	12274	1227491157008631379798209197804360232476712186545
1991	11725	1172521557628011658126261554798605153984780919489
1992	61182	611822507258028322880651462394201966818050008774
1993	55634	556342530699363534729273034799710802385032020293
1994	17119	171199952073015254777233430843960957442079128058
1995	17975	179753776394588484338141844640252181599780268694
1996	15954	159546837134229919748463262639615252261635553188
1997	12651	1265178838419370341133200637166956138347922268383
1998	33429	334295054851990626185375364114863442236290655326
1999	52095	520950351852220762143851674957053680476896643596
2000	41213	412136450894376406471623073907321995601311064314
