# d, left5, full_hash160_decimal
1	66863	668631300771580858519448973337422070966705667030
2	38175	38175079523322788732458521697051407816610512588
3	71840	718403660328363540930262193232206719102664545244
4	11199	1119999086302554501116262743251773445605692407101
5	40694	406941947305386768050770298464908538155744349110
6	72991	729917061575820324408342180255308034162552261067
7	53624	536243368524251735213067994289559226314232905577
8	85819	858196129710125108969461473765761556086357262631
9	10299	1029998882597829463468074540727766577813750328819
10	13882	138827777792193578273474678034401365348445699548
11	30921	309212868701585197629468078529352213908854293202
12	12620	1262044809404966323298963219465663555727150103473
13	49852	498520188058077890261422045628940376491176085259
14	65326	653261715240964762033692367214071276192696982530
15	91214	912141935199214457618293591490606371661848581912
16	55185	551858625090337629967886263474950154505082843403
17	45443	454438659073356188496048410622918879027291847340
18	13756	1375601310452181919878943962229870905333724513326
19	61217	612170699044797668196770861928991884495970635416
20	32179	321798332510747905421204319957461549101227333078
21	81990	819909130476456583353010126295286803050480151528
22	97156	971567673675859305300019105938847618017087953953
23	45702	457028753125309291404618534451072207883692013398
24	11783	1178307754224115805193365227902226714337922473386
25	44055	440557270737620930255631531392532359138133324844
26	10260	102601783960430077375783128395517634779412490660
27	18746	187464921210057199433341622147917593292314486344
28	12681	1268137254778296499509084261214291485802701274203
29	12330	1233083215107313133037685998940684724062753936523
30	78427	784273286010046718744017425717120696830169717301
31	27254	272541831036239056146783586871240986055472776207
32	14433	1443379307378280872901633350717596382548256527709
33	10573	1057304146042499571425704497458894784220281527671
34	12860	1286012422379192871223875504795228027966480157175
35	89453	894534291207856333120761862488539398569057704618
36	27330	273305197042279966096068295352824444109499728857
37	13209	1320949505106955620979818943724856348891372570670
38	86967	869676148631102280435540155985047336854019299636
39	31811	318110531154166367581677797595400025978676110765
40	65155	651555498792047318422581551553759520884948717338
41	11466	1146623917833952833073403987948169443566272260198
42	83673	836732724040721114934437855297813107991535432431
43	11744	1174493492228329768572169801873931491254447022157
44	30363	303632571867571035700485986380811359844205322910
45	12499	1249931449434351683881584586524650653925561910467
46	13126	131266274002382567674137487749240356516177231227
47	11705	117057421293196767950849155628419169648722897146
48	12244	1224424776400079544022200053540350243724384762297
49	14229	1422938361785517703193252764698103288189985535068
50	13960	1396039020132008617219614955589465466827504586280
51	12641	1264111636151402672137775086713887244165970065665
52	10529	1052970156259460981444337902789928585669189288564
53	13788	1378856373549056081706737357565964567177100473058
54	63555	635558525097945540636871066070086769669539987964
55	11589	1158941035192943861466797088529363574091793772433
56	13198	1319887601660792133314141460107957540638005363502
57	24044	240447414384969733721751343826288330990265942133
58	10314	1031428305166771230043790945674781644915990084961
59	96985	969850197797347001971169192903980184069212672256
60	59648	596484723410374657567636454134571553346451065749
61	11133	1113353384993102519194540241315103507136538181503
62	16961	16961854379888771119340311627265015692660445504
63	12546	1254630749265407849945949149472239401236536001943
64	24139	241394585281666452305161887802836169624913391155
65	59174	591742349279275562717789941565487906608452765244
66	59328	593287508840891363855534999367004979364645450211
67	44704	447040629663350784128538481060179124335810529885
68	11518	1151828206956339285420494050183711123289960904068
69	13775	1377520541552020942627148524242876630307129659156
70	80352	803527598899298219120775735748767270066036738187
71	11083	1108398166172473998046210720497019560246416207490
72	87562	875627722861639945368606902400126709375393434465
73	10983	1098383444507844175213596178124508643424005464982
74	89379	893795605109952252834050534066823320809342435397
75	73914	739147469017054824816860450676271679378495686097
76	12907	1290793487127550014383702103624146352199914137971
77	50217	502173338812951341815639316168412715374762854434
78	65902	659025205849399891810287918095083278313476015052
79	61636	616360281737641793593965405191119995404509575617
80	80264	802647349191510767278291836953664453290470902027
81	10033	1003346552209199566093045793503648044144094153461
82	11360	1136026528838622708553419401678952719868499152589
83	85236	852365106868734316396568977278123610106730112120
84	74628	746286839827615862963160625424712050045330914202
85	28406	284066590239325793873144367721721544927887359164
86	10473	1047307508475911985893851722587119834126250989602
87	23349	233496817084662033416857714571598229036910893082
88	11293	1129343265867168896511017650932253003691082848769
89	66785	667855000023892755806758022114202737675789996519
90	23939	23939879489299122103117414881841377553959450996
91	18922	189221111715567646037179116651126853060129548468
92	15571	155718016965125372831250534509204067986316270844
93	18183	181839548143158684001154117362838841800376282002
94	10610	1061077707653255956251955061995904004055334646685
95	12469	1246952621395841404803687625323410127406089176454
96	11204	1120478711739792819984085107618426283186789942595
97	13598	1359844440502999340066525848345953961566587093958
98	79256	792560430058700264424188877465933348357348261354
99	11888	1188886525060997437626650404169411212624079213817
100	38424	384242281377681237770688021371186514209673986036
101	13285	1328543275570848317225662811611116264753497282552
102	16550	16550055238985874505264680387858602015144758865
103	25027	250272107702061067217250997079017269220034352217
104	19409	194095444757668021881989917967888311601756247010
105	12410	1241016574054543220063545700279517436131396615660
106	13942	1394263980664379990376311027484446051543489830526
107	89657	896572179145914699200897939239290982463592742065
108	30986	309868138164101310460680559945016294148797348913
109	81186	811865059044487876895612265016274872826635900700
110	13420	1342022744264844613473444127481459337484332889387
111	41091	410918366266591790090796164532474713222840006192
112	94583	945831423779694510466093108593688438176957445536
113	45037	450376195304629106618111663107192240264884616207
114	10439	1043997469946929505484076380578875778932141320409
115	10568	1056829096985572004941711695039151236577689439512
116	54945	549450422922846698163394072790995658057680711727
117	14221	142215926409454846153136623118129622496938282470
118	45014	450144270849352872744264976977697702766847068962
119	76518	765186659549793205400677740355430347277194222440
120	13933	1393346179679533025412921698522267891967878611856
121	80028	800281317943988116351753538392966355175041587642
122	26053	260536926572052794689912216891482518139034824611
123	18858	188585894214306897797742643560454296874791305831
124	15386	15386592883010592619337382166675005445102532673
125	11110	111102399054373867822120471319258238799068099269
126	87644	876442229236484440741624679864561886427783748634
127	37827	378272481051193061874869361566772476796809597804
128	69881	698817499723122570877387982491609155258679593080
129	10985	1098520795196079141377204676573122080838387783947
130	12300	1230069201798214427821864940839650278592181944846
131	12331	1233145303655129048991794707284259919007805276052
132	19009	190096855395238665595622299641663750003706483313
133	13444	1344492279038434992697107754271117720443896029373
134	33369	333695134022578591225208244691559374989823760692
135	45662	456620394458560261659695692566853527443357178472
136	12802	1280218110008292562763015735438625814182072729702
137	13180	1318069238690882300454257607299363524585706033859
138	14476	1447604690527208171047998844059221310288335049384
139	12604	1260478562624952364630726555649939320678598414031
140	18473	184733943017265764575052253909717857986863138829
141	24434	244342252910116393102062981825260435925236880096
142	27682	276825636471526429348227052380342125193547976076
143	58646	586463382038457345464071833437527991527542349377
144	66890	668905996742159375806476234841604762722494247256
145	32451	324519160980605632517372768289062754308835666762
146	94647	946471520710090633680675304826312990299899582562
147	40053	400537759621896986537378247183677642268696983646
148	13795	1379573221674087164291924265604934232619979598884
149	13324	1332417814793301042451129591724792520622031984790
150	99076	990766593879536826068884684792606072489771317921
151	12427	124274724779130841545637061162891761173639626041
152	11244	1124475946059732362456358472567335067829643869197
153	10014	100149738416508883702589080258719181901492014944
154	28219	28219195145163904585812274211728058486858727795
155	10771	107712802092944330417961319175863064416758735749
156	99025	990250717476669487363142560555188399866102809436
157	10761	1076114220998484984440970134789525824641779439123
158	27628	276288328781739387874555809251389827903264198788
159	54037	540372288192261390864719534233765409003274555383
160	98197	981978272702871516318864106787649453106193558925
161	92072	92072317421666521438602281474163995300068353362
162	59565	595655304107038713549449042341488874414062710816
163	87545	875456278700918083318241570108275925204726962820
164	13001	1300179439034120558264599721076879341605653174392
165	13462	1346280252687587160151248485278459415172809669307
166	11486	1148627393409603660629305198995561964383142656100
167	60513	605131983273341346950038339432405775076900707608
168	11087	1108709592820645750683922794170491411733214116621
169	10036	1003679608086232565479364962824293568007149649342
170	70869	708695654275563427762546670287413085276178141594
171	74030	740303999851494234945733639496434992887956884145
172	13905	1390570633953563021445265330905443128381174858091
173	70738	707388189480899478313482460672115009049133876985
174	13565	1356524890395099731432787756655578525845873307829
175	11259	1125990831310842940031647778293618790835746640117
176	30273	302730202695727176327983882636407655776078684390
177	71181	711818510833984329163905475917792475212888544275
178	89415	894152183358862853680933162233818703968673580620
179	16687	166879364208225908274651653075450094778224616821
180	90263	902632389465680103001045418837005952350451433613
181	11184	1118416348507258657695610808102713207418362555522
182	54299	5429991977610659185401438174068911617601198981
183	82988	829887662034432154326881026544493001701863565946
184	13376	1337678036014517007645734938636573598984427830381
185	73557	735579430207864674617556651719997193214449894411
186	27669	276691303472975264786028537142267999934547996407
187	54192	541922784729469348346380451151213868540012659969
188	34179	341791667415957031213294044414555348755701308179
189	11816	118165267573993016442094628666653406420066072633
190	79174	791746082048901009072018218051730640741274967617
191	55838	558381444523921347212420766037555046386149368928
192	47478	474780315808536033833813790795143108257492237073
193	86070	860707630570233793827531929729976499070967464876
194	41501	415016030117808035440555524651053430786942515939
195	12286	1228686747282292952243727490797376479704562078255
196	64091	640919317819418096388442978658022217765032396208
197	48577	485770955051024079030886701544045776479035739373
198	97348	973485749150958743580338893811431024055494667737
199	83672	836729685939140911707609932852056006133748218
200	14593	1459338580032079039094639173008629707696284048719
201	55054	550547162452702077705014726051423902508213820489
202	93675	936752141039660864142392203264960111680302040489
203	49651	496512238990641843642073336806367385420549184894
204	11516	1151697440323543950802470682434909941516195366372
205	10678	106783293048027981917215272166698606751249493856
206	11414	1141408513727695833877159346262194778796135355657
207	87758	877587385549413505053887624490147493498110612759
208	14181	1418187440036275090455524774219291850454041653106
209	63643	63643395841085921804207352620663057298601514169
210	13255	1325558911142405772166849784628057980462789097673
211	57181	571812457358554135834643639718457814000690366858
212	27640	276401587412316983825151868877492516165459143988
213	12447	1244741939518929661322244999015364887176177287477
214	88378	88378636904045055215222712422383794026368632143
215	35630	356306991067661502057620017128296918430922053889
216	11492	1149249255220547405198464118592350909699124179989
217	80200	802008814420744507619951919502167683071669164075
218	73790	737908427098951171978394787240556591020740546057
219	26304	263041521410256048759830529178976790851166793873
220	28726	287267138098895210399942744672864747586050608921
221	64655	646555165794442640059547158826043246442148593655
222	73378	733788188310331950280645227431132791524081977452
223	22083	220837314307197842533638059693933221701827181785
224	12611	1261138775692712149696202787394399959843747338005
225	82173	821736585333827293430636023337482226811651538126
226	51990	519903044168219704253059902053591692554263405233
227	10195	1019504875423965926285299885510073315354503613056
228	74884	748841171868497139653861494228556331231753971213
229	20573	205739328580061471125638267605638302170265365813
230	61851	618511385607855549641441051631731544767978861418
231	96125	961259898745018527154172897223963428354451205613
232	72250	72250322284254768220886600187282020652683561358
233	93967	939672437620871261647780471517242194905608578668
234	10643	1064368738126218183887033913747010530149918419995
235	96179	961794264942105685628401354980965476666384692001
236	11954	1195483297318079201354479928946034712742444004305
237	11104	11104701163429058402516627718558916089813412943
238	61115	611157111664523114221940466608730102068686916929
239	42373	423734579482705760438915315345311968972383301146
240	26878	268783125531516003684366195339873392464468975219
241	11282	112828951485702690619257552683269936953474432172
242	13662	1366215450063012178889330318303516880616631057310
243	61077	610773656192062356592840319440412501431599295740
244	10824	1082415058126126733433292896256674679220258008473
245	33904	339044908697428746952883521539865830340592851477
246	70154	70154605951750557254114530480093709627710571060
247	12991	1299194692379983097975804544939973351854605818891
248	11631	1163102414571679751633216653323435066689162186712
249	89966	899664036773949389742213467038809217471745715504
250	14186	1418662114596048829946319567613115831895052930831
251	53306	533061305762435991225675907720562994421538393244
252	18505	185050412136186757226949510632838416166317844983
253	14497	1449760776148850725999530377432579126261650613671
254	14612	1461247507842308255337547113861407526698862171026
255	76671	766717455056494838189235965757231902405235669801
256	91890	91890674677394265229272533262393229860921355155
257	13149	1314977980813543053476019295172190846907399021215
258	62349	623490132591728124424235211760137401254747177846
259	11792	1179212576782861468215725345390820640353397035324
260	61063	610635535508342087917662792058879063593962409260
261	28850	288503788565930196098447709893715048449467435302
262	70992	709925371778594812553414979681764404499513697780
263	26123	261236770783792738741622475201464562592825021830
264	12598	1259843325794819448104547750815263744190975600123
265	12317	1231730597648781425789801519937173825698922238989
266	18674	186744401095414473236979423966247176681453241346
267	25435	25435498125751039997808537866870417330595789968
268	43255	432558460093655561750378444067917320113519121598
269	13262	1326278327862437483972324631542486482388168618111
270	13598	1359837644060491926797236660523476938362593573035
271	76216	762162902869195318412961159595344448321433985638
272	80922	809226893733928772595010746850964443768838042467
273	10638	106386843370734767890823619113980566735734987625
274	13303	133037846549902342911980706855283866990988301165
275	91489	914898880488120970298280773763607029463772653031
276	59136	591367198557199496361277980241431120950793003260
277	87608	87608366177674740807749032777275796441244126708
278	69971	699716582006682067943704097778337825284140948398
279	84798	847980843301337648616323383123907292151151194523
280	13208	1320889626967543688744266622752415730768494392966
281	48001	480015916526121487592011527487450442172393178115
282	13851	1385108943081507910538079672569503776925094679743
283	89604	896049409905619922942483104626786704163106129325
284	40465	404659410680336144494174793290119508058336070460
285	60757	607571920137567684869853461517418376815542613176
286	10508	1050840384434431107536682620108163589029294023238
287	17500	175008083335082492604004885880968368403569173618
288	11765	1176531626774416429313575087982419763201169270685
289	52481	524810622414781391739938272637357721298786968039
290	73828	738280418146395205263419018794491992327030148985
291	62581	625815832454447625775317485361833269066807423251
292	94902	949029946309892078686018550098607402173480231917
293	46199	461993537047810459585509053488892189057212137135
294	11071	1107144801745751583935399804317652302728295525581
295	76487	764874017901877134019369988057920360949599352697
296	11509	1150933985160698641130726214334337421301864572601
297	10524	1052404703365765248353380275831606776475400713031
298	51637	51637591794164197580835014618248492885509459870
299	12514	1251465590860946649366887874911406573224647972249
300	91264	912641970147671760068960543241128669134677862400
301	74058	740583905897568708024309268741002406265852919117
302	66867	668676405390516020790395494344010096265052317460
303	40448	404487209851358607047558350094615547546852119568
304	41871	418712202042221413077013608318530223965498811879
305	11362	1136276301884849807849404192718145963738537894134
306	10203	1020328965830579399812187433004522244768572170221
307	13412	1341225428332620513458715157550241001099108617826
308	48795	487957100868290935031184082794065368339736177336
309	10921	1092162023507428989640756202355536426508598015922
310	64925	64925295934633254040091309086424234594610165543
311	98150	981508468703767917729934241951254557258092631581
312	57682	576825161923417395877949543080375132969047657551
313	42308	423088944912443429192533197905763390271990396760
314	73196	73196673538275366762986435935547443187621970360
315	75963	759639150790587246815319028166970806985325198879
316	54446	544467100400248738612049986067602204854115683064
317	12461	1246192147593947205836007873055143961965056268285
318	97870	978703694108183605093453233914123922989073254260
319	12098	1209890398966083010665355727693487597939235182815
320	15777	15777616398156211959609731196890563934355729511
321	90014	900143027999848823057892099877724891265594611195
322	14044	1404457438323875774554266819742118656980855245901
323	60728	607284413484877866768859367391324766117858232093
324	37002	370022745281371727637470892850161212986111751515
325	13305	1330573748115798610254369821519070302388500372098
326	86783	86783225860338162292924064170476388339512626574
327	58843	588433092515351159668583879656184619678353434532
328	14172	1417263970588779194468538903376152033429322815105
329	63449	634495712790133761906756732638054563738405545270
330	87229	872292465576792524038451366798772217156594456653
331	77864	77864248985645912223915946871426823053422864553
332	95474	954740076217768160300364118269814560661457549233
333	89451	894518439020678323926315073891351844467664420437
334	12375	1237519483369104915946520604271857511081388105515
335	11631	1163128066865084726744642612449195321958459625617
336	61747	61747386773716419213154025620398896491853326759
337	11687	1168793876011797510093726450629513661283332435332
338	69034	690345531405014929536149351178037737795596028580
339	54079	540799791966103415436803692659463481548965323499
340	13477	134776711133732764552833109996467183347946123253
341	73595	735959069133115050054827511494944475717607246119
342	11629	1162961731313638013347399375340582235590503201005
343	12575	1257586312786816647062789031447432001208370445438
344	87768	877688989869382369165595460248965776327616845501
345	91466	914667318077871796400818028911776312616381129896
346	96577	96577380625105933699353679277921579073336985558
347	71191	711910584833282119996860227094216947126669562415
348	51657	51657452636590989286494404746450715171665044097
349	10901	1090168085908801612581301016632405059431005185620
350	69248	692480716984566246016447052543265328029250192282
351	10066	1006631824717125138025427588761985674386300185908
352	44893	44893805451622297890490570310282248655262597504
353	43859	438597000442774469776742316846390427704303421644
354	22936	229366528153754599954687406871691707707950664278
355	14608	1460855092427091670222082444373823037747269876991
356	11214	1121452887708628163951730051690455989418432145627
357	12178	1217885271429003286027227755042727287896190387654
358	11908	119088244559360185131010303792162060232750618563
359	13173	1317372263182209433623627370372042816090196264529
360	90615	906158066858243748097823529029611914611840624284
361	16438	164382539671114502499156502217331771233392728860
362	10961	1096178500649357121191940292497510651325745377653
363	91032	91032625061310351779361540419677682455580212911
364	14118	1411825127867794118419228207230906384749969401857
365	40003	400031609612030667466187791608942408873341819706
366	27731	277316282358971231593205961421180227359155709080
367	20179	201793041407907420218902884864738413066938112417
368	13023	1302369292431008639719532369583274380543932330402
369	15049	150495213536041981013554873117287541929900886718
370	12362	1236228276810245105524399134879886869773766047653
371	83666	836663429672945627264027645164990190143383254435
372	20812	208127212586516717670057245777640983112010025867
373	48027	480276858591346781704501275054485776911639226601
374	12185	1218509368921102878727829844996645783226962062108
375	45063	45063826430151746046558874406238719325410414169
376	79649	79649552141157448245863158007126289246315541964
377	11116	1111636666481115725337936774539262919330073785545
378	12080	1208048664660121527673504722738111607042561670672
379	12342	1234275983767876570933133314848133360519449737145
380	99408	994082895173545651093063146459208362279247387338
381	93104	931049068405606599109145199857242127277025743550
382	81892	818920355574527539729470455803682810535137408447
383	32377	323773363118392226505787842068164312973112808711
384	14472	1447255577620750880427691484291884622101115690200
385	71641	716416450868325384287792146510320527500879981178
386	93798	937982131065161841176280613904256864863745127191
387	10431	1043195381729028955163340402539253722391632024532
388	92190	92190959333524298333194857419843204972579512009
389	11091	1109151698790901460472636561792558381595325560898
390	19688	196884982830921987663737089721402600399593357721
391	70156	701565027764416081979695824895922589348366372665
392	62628	626284803733709025922481916115624185118824277893
393	25597	255970360244148091933714896595475142194764917347
394	47912	479123245584462424335061656679446010611156630913
395	12144	1214428189435738803728163986919215871025991066989
396	11097	1109753680592648088497217494223360794314935660833
397	13082	1308215336732983461491259973612788895899782486804
398	54709	547095421894338023218655764550751995715448335790
399	10184	1018488736795155268428872883917571214509212924739
400	13781	1378190201885821265061730041926535344052149796770
401	70585	705851365958657879731462891111713074806006618334
402	81017	810176087445407526415839497353749274826086698801
403	14999	149996115097643562323129441844457365894314723325
404	23401	234016952742521841487588713762148328910555886441
405	13188	1318846877555723916985505318650536694752536884142
406	24430	244303009273145183159311524606331008170739946019
407	78594	785940105437188428771180115774025310402060940952
408	20803	208035455596236007715798965921128897930173615901
409	48204	482048576978719162407626507748818259933322027966
410	10956	1095642890979678132475900146072448077243622486980
411	11031	1103113047608544700899994729773940384208751813723
412	13291	1329147120677473493577667543148770164721275943148
413	13652	1365267102287667352310100086856256096231012211442
414	49603	496030565583702218734051582397001468961957548103
415	52465	5246555453723451025234496069913117015986062048
416	12453	1245398474110693471860106946550735783769877487711
417	71472	714720787990010714002712439407307324002344639932
418	34229	342296879841898713560169590121681839994654042482
419	52694	526946917762903912457417260396817043555339513113
420	63606	636060967509638441898519108235484152510503301056
421	43513	435132061674206514706346413361430634333627833130
422	84228	842283829968537193442053766278202595349629652389
423	33373	333737924328713449909148705532678044339194656175
424	69414	694147660679009832979048803111320955361856638621
425	26926	269262442898653267491934380400477293971525339678
426	86382	863820274293157414570160294143568538522784409910
427	63528	63528405328707508794820090270580930725539709191
428	80909	809093600680040085202839539845452789088076884673
429	78039	780391808663833398497603280126521935535144023740
430	14192	1419296297957762937495964877890387612709359990523
431	77731	777310579128976973230681550090787744324239270340
432	94130	941305798917907394048952888089597473479872150101
433	53996	539963784258019622527175252728836038633335983660
434	98513	985137217070717931250725888409774134659154988443
435	27942	279423270051219920761676654942565357693936073422
436	19087	190875919597196108180382464736116898812655883814
437	26874	268749936853609607939694338148438358951930009145
438	42295	422958861334242919216116486702197724995163589517
439	27293	272931685190808121050077779128160772777319898032
440	11668	1166827657396326291241954237070338774578632112476
441	13194	1319401568791766139246010394287902316423336131179
442	11275	1127551740105597655452338876270593189406729165933
443	66741	667416162165315644658230398694986128947717806464
444	40674	406747119301705733483256731976856760145828564222
445	81717	817170512234047337982579615468612686395026415534
446	67233	672339987048871963425556640512258802421412645675
447	12787	1278793293993626594761464172446317104484874700374
448	10739	1073949561981777611562935288856884686213050938587
449	33504	335047497737848085464644515878336315369032293640
450	77409	774094903803991015943451883423794402482564171917
451	10628	1062834235049154305741064365197128023358281998697
452	41294	412940707399453548242463032094381296525447889783
453	14361	1436132372335344876220415597182811121202982143584
454	60335	603353579508381441796729221566675067256114605784
455	46058	460583527983826009296184413253379284292547161781
456	64803	648039956102891999429338360744016062083410161004
457	10292	1029243895805263792024778905697260532604912030174
458	69111	691116565449980273312693052815242325395839941989
459	13416	134160702151910364393108206275571771602235021906
460	51886	518864619997041208034103667867994582719077171892
461	31965	319657393504643531600642297626091829229627065606
462	20816	208167340354446472534641007104050613066759610993
463	26420	264203250827495176878428512697195313551797990953
464	10254	1025424239810303163315531870394536805374535849940
465	24061	240617447563446985333744758589918996003917728004
466	96321	963212419733494922198414777463892989173355241019
467	71396	713967799919625256716374725165889542310020885172
468	27199	271992376343243435036120086662768393026461072490
469	62501	625011236318400889034619910722714298784273768496
470	88243	882433508805462711759253889068379238744301111482
471	11908	1190893956169094744506007290863182743817072203056
472	12521	1252160227575556181765300874348829007465273051345
473	93170	931700641356648019225068083765768867063680161543
474	13510	1351075784021222603052223936481644556802341483700
475	15320	153201158821237249812767524817253368584170097855
476	11948	1194817368008182166485850899366188871552897230282
477	11645	1164593109309340169765072681536048990354747268240
478	44166	441667468822125531197228583848614485708310943143
479	12360	1236038587952052425542368712186711366191247257665
480	12465	1246569316334539475165532528877634895091653914972
481	14546	14546525708421346614962824961213098824887450945
482	24708	247082108374004028295617984962559173222098087989
483	26623	266230298602962399367544991162134416683913566017
484	59784	597842629393968490439258325711464143717636375805
485	14383	1438339755578278988300217012728762312815228502675
486	74417	744175323082886533855059422411889070907852280620
487	11909	1190995958448662398785649777317357861108183830584
488	11106	1110687229230859764832219597081299771495562748146
489	69773	697737885729614725162963085486037377091789422958
490	78828	788284125876160584264719566846734189576819515412
491	35099	35099853480497444625091755572844190583445246843
492	69745	697459619819557146439501646995716384604813557910
493	13147	131470144997986556924500511874797256674066722248
494	14230	1423043916757445874844791961365051296067876675212
495	17993	17993896330405415185046260255188065981933549845
496	14556	1455644369524064767572800783008127125957660561529
497	71469	714695881837878186341375571839356367773338124609
498	17278	172786550577606735809881150616347234362223985394
499	12367	1236705776426744693080832566810466793795106621375
500	13491	1349111605700458919585521083103384466521163891677
501	44440	444405811163566323570811957681326314663742778296
502	11878	1187863396204629523083789877654066591576815076791
503	69926	699267938134103936752334662632836985916861261684
504	98546	985466703373533072182586092620264374211504086043
505	62769	62769352893390997309025494010321890934414501483
506	74090	740903627942057565672337480703258718883844962055
507	57040	570409281806112143341345273200729984153937933294
508	10169	1016924859620750960240727953451554491449402851415
509	12580	1258041947993115861158077214838642206979842515616
510	19593	195937323783180861208567236305317401394555126812
511	77322	773221746854236907254376500979140394102010484928
512	12606	1260656588504790204142421606871446166927510597592
513	63947	639474357386295490588400526794703755114656885765
514	12299	1229988549367758195482375056171272785889114114363
515	14155	1415501891960730321353532382565989844570691070702
516	12218	1221896177629444903014398489514983509436388048620
517	41812	418128876093044968532894834025637526648808013080
518	26368	263686463429631976080285817873287384509720006497
519	11388	1138813994715959290635165992297178397496842125973
520	44862	448620893692929733881389958974656774669332181215
521	37733	377330670137982311339281767200038039842484069949
522	36385	363850811849072629991820976357884021913144582686
523	22034	220341413590057632693158351505184210629395380759
524	22747	227477715107319744107395674543929232223757905636
525	85420	854203211943274878923576136127450414751988470489
526	27068	270685903627444914060442588053238313655244039606
527	10322	1032247178477720353388805966803928362429997606901
528	86436	864365497979395446236377710875649065222723255452
529	76276	762767460207890015186221573467380454600947890547
530	99750	997500596812603761313805781903320490136320009958
531	12991	129915017677626727010306962396902174893814142401
532	91714	917147195945997830614041915711835357153861392804
533	38993	389936222003760549642278061208551693424809419820
534	47580	47580351443700624574387619156897724663275408318
535	17602	176023711899583975135991021894595754355690307941
536	13356	1335634088200311966891045878077164816033015846323
537	10144	1014409073952441477425006829052343605542303270301
538	22121	2212105380984102155326385758348153420991359831
539	92183	921834545268260274684628210487070856015370033055
540	96382	963824558438819228000903181515571926827820575724
541	85740	857403051475700026019802202550118603784459263325
542	96456	964569501986136795213020098852877249391390183529
543	46615	46615978528375635334090140188290716441080996875
544	63636	636361366974448315195179922727971995476520500200
545	14501	1450167731941193653153019405331895151823296778401
546	41462	414621330682144588431902138549925921805810163640
547	13026	1302633419724726195733427947702280843587529345178
548	12131	1213187210988934070589756690602882690781441122061
549	14303	1430363899874600797622318528308682183164524267394
550	11704	1170459684747896680031917560075160657627339119281
551	49025	490257586916046749061772155843093442120925565161
552	14476	1447634600377900042552215988449894619115780319085
553	14434	1443422071896379541135466730251324727359239735470
554	36604	366048420773273049921888706676831611472752874012
555	87329	873292432350965506254181189774297784430000042114
556	75780	757808283990642477115795903314284493067585974494
557	12170	1217072856164532361917446624235014722835364261619
558	53611	536114123599395020091824033946335980173067326161
559	91613	916132831946567981846256393870520160037658928602
560	99948	999480910076851361710724773906993300018251538486
561	71859	718598567789644473609980377587552461795407315819
562	72714	72714060907479753839140023324013708448503978549
563	14011	1401143714754009531448484695957041390798086220505
564	71655	71655921190405266286198947144637400894753595234
565	11136	1113606303341353118440815228352750823257312100700
566	53585	535850067890739006148558883406534935003847787477
567	11400	1140089475568434816785109212315857722054307005873
568	73362	733622114196410872165874568862346314634976324431
569	11500	1150028739666945451867372713726171287159852347940
570	13120	131206244433343766353622271022029051229270331723
571	82155	821559504557132171721503647264006177712021438420
572	57792	577923725488363054329713230248600578678821078552
573	53618	536188247684891910461022994376186631526948060986
574	27654	276541264653327423698247090858071243124609459851
575	13425	1342597472354929198931509271405724786323812820589
576	14105	1410545739042419325741071272528383112555514849673
577	73415	734154120748855846189451931548921453931904173326
578	52624	526245913937628258169923819741028481828736091660
579	43260	432605322204169512994628683863428630994635015287
580	10195	1019526773444244563809539236786748190595125237763
581	71073	71073603206854485444546191533536575262415547147
582	63922	639221472249495893691313918488940868159473022197
583	12983	1298311269936090015783203382760321278785103287027
584	12366	1236696886678847457786332574128264989090134458083
585	32218	32218650984931392313693792202871734303316582531
586	12582	1258256205239065113760477987456634366229255653161
587	62240	622409391373353085325088133986758579526459672476
588	10056	1005628862374402133855710639556611988701185035529
589	11983	1198303779733660654409372609817983618427677996674
590	63715	637158597585926530834936709689577601859142495291
591	59234	592343144930331865660789938212698301686839743802
592	34445	344451780722921461457981536869629928965199631329
593	47132	471320651965009362747806462092148053372342857655
594	47320	473203185749332935285213147354460081578032722556
595	51321	513213403590093652934251785709998735925315817259
596	91963	919632761386022303953585992189951101843517491523
597	14049	1404963536983430161618421825720586128079623996769
598	52319	523196968280366705805572496813706935223827155287
599	99236	992362863558569438304641879250290959523547001149
600	13400	1340096859018850414018138315518545026482533925823
601	67282	672820479707530633781317036602987561263434694462
602	42097	420977282072470447406206133636757829334531612649
603	12964	1296440773765956896059871777361905428100026018356
604	14357	1435757016474601061019107179258293886528039054592
605	74903	74903359159120099747210373098877615992026768432
606	42516	425167970167373498773957731477353434322360047945
607	17292	172927214187659817561577133867284517208503765374
608	52541	525419065621743535036071188053310402196926859179
609	17499	174998232539043381599826643594343472673680282314
610	33020	330202014061951820708281430322116023819311371220
611	12671	1267183014526116443171393371665370217971763934050
612	11569	1156968548736156354194812517360583639434715866060
613	12862	128620035315556753710404197038154193999762943159
614	96540	965404895369538748339632330591766694757443814266
615	93907	939077401330848351359792595403084791397642536580
616	22798	227980763351290951467823757634254030174175283717
617	87513	875137497108113176633501013632608579718406053243
618	26380	263807234948292243851131894622281684135210609339
619	86942	869423797001040322125533280821385267961971020486
620	13622	1362286964300553402225881267234460378863381806317
621	14008	1400814818113432476523800570205008926021113795625
622	81374	81374987928916293307367077502801995635540424555
623	35387	353870719079084755399050223692811683539501700652
624	24154	241545101404146099010586505308983646070577422008
625	21043	210439141130659999455501601428938279055302102003
626	71960	71960504580011766100554266903863614254152167307
627	61105	61105575140544091093813267774451751301464026305
628	37297	372974044608316914930779540861484090357645000756
629	10442	1044220192004357281689689815288586234582317056220
630	70749	70749120247663072202932899263767354752280696792
631	50505	505058938129094128504794117407801660436375416653
632	43175	431755740509856110010235937811342731415605920964
633	10030	1003004171583849845520861406459857732164481337534
634	74757	747579222071288013677088249647699270848322345096
635	15013	15013881705168194946977791473339707606321112438
636	10246	1024697349203155799482463658477565184045391139614
637	59661	596617628446055022259922053083682937421672224742
638	12286	1228677804930992946252799375352692684406980818372
639	12142	1214232654752036055078338603926571431660327692475
640	12488	1248891442213712827310312565934462841136083901223
641	13762	1376235480612133749858830583942890360292041276144
642	11680	1168018475710838535593442721918750304859236592503
643	56383	563835179490609170244214176339419071693469178926
644	14548	1454885190351648273014483883416387419262967424969
645	52378	523782725698816205320403161650108742350911505605
646	58880	588803077013679545474311342203911475829172586722
647	13215	1321598277776321571877580062628943109596068005855
648	60365	603656727280918763557877602515833674809867533911
649	13436	134361834540310135145373112214019166199309267269
650	11129	1112976345798455632143100851283503070543120048773
651	87274	872749250478510767030349609336391902050526666880
652	60157	601573045465392878258018588754102848087187554486
653	41918	419189015507743719599720674223097588697492593020
654	69948	699487871720763816524522840692525859856380246945
655	13046	1304675413140420030736495670071327697138521252096
656	32838	328386900701841625096399194617285479529656544583
657	43422	434225055889563364606957057093214371495249930877
658	11973	1197380241417789931993297639641821096567386665599
659	99079	990793876766818727399105084079769977461944500372
660	77927	779276502850469090401862985002027087986518123685
661	45941	45941389684696486766840433856616430731479890206
662	49473	494739204744725653919306196499356156239314939176
663	22121	221213222924506813069008228512245955651079626027
664	68777	687776488379226548950875436057899404169008286444
665	88735	887352921204174388641169912518863016002669660200
666	61925	619250468061210321444753942664368464158467756671
667	40190	401907977861982744241485166411384960972011922205
668	54298	542984328284266135781953626607237801998530599582
669	48882	48882654440976567146056321160705081818981997146
670	55230	552309617001292495798442143165004562784971119531
671	76643	76643234649064462597811024587457914946399070649
672	58486	584869142662607511530733205216347734534864637370
673	37254	372541497923311510719492660073774777139471723064
674	71907	719074064289763303712124341081669720718335692909
675	15379	153792477403581246602786812000944435162393121309
676	37553	375532071161490938727330599439774155075817928303
677	63938	639381673143158439064351327072534890122763471973
678	87140	871407368310246614287046204146920555333686032932
679	25119	251196551261608751457100803771320755329014642925
680	56419	564194319516235886828298632709535393778163185309
681	14045	1404597164877219294031556588755017062329135261128
682	12842	1284236785836552546961675065188598897351394985458
683	74055	740550812252153632792749961295213424277244699819
684	22604	226049242572985074855034607125494919402672983134
685	78911	789113337799770444566295634292376498663219344001
686	11029	1102990042744801314660760686822358200295434298298
687	12328	1232866817622142300103556032405729458687653435980
688	97301	973015005755001032024839580075172265975333236241
689	14224	1422495224097703897962295501705685949205358423499
690	39800	398004509230968510090675204753337299222949105569
691	12810	1281010962104655839245504401890697907660448293580
692	59120	591203905263497595652926059562650913029527307989
693	64851	648510194468388470411600794179478080364219566561
694	54099	540996560024338263477182052718613371791423281210
695	93714	937144298935289674108668074077476281747398554317
696	48995	489953330894000516567184181623338981310295952839
697	18404	184045855974671853039794271166831286526954025813
698	54351	543513245019662150290843807051456799400921829883
699	21993	219932585659789555183178418619260122502643397712
700	10907	1090777241258287994948773626143662096187946779952
701	11184	1118493412833360684404189438533424769515011309177
702	10614	1061493576506245051867513702296598196004377538884
703	12801	1280167631258785058776128627359766960127524066911
704	79830	798300296713778191168894556105846966481741845504
705	51889	518895432351987306752160557113252131085792213660
706	40595	405953470384628498149071995012426626141099317520
707	90892	908927117409891801841275158174897072951144152980
708	38170	381701652785128676109171602066370068913640059539
709	59496	59496599356502487129843594057650744272707221705
710	22176	221769867052032855783696132551237178463079396528
711	94226	942269155761387387349367646965281752659733735232
712	70267	702671198790452098995773538201772248860734619621
713	15792	157925300715584130320677546622474511160385064542
714	10705	1070505484040405557545537720443745415494140255331
715	81966	819660047827169594883731146240803807744801777422
716	17364	173645029350495883766147185539783192358345776085
717	13787	1378723393624668452659198281055337436880464012255
718	10884	108847191113535624340436298502330924338862622642
719	97987	979873893559969107727672775906542527557382068969
720	49836	498360471230206948638615043993389710222140385649
721	11825	1182592128530536201762220942351206979040880103668
722	42042	420423816495458642911780301306694009918644494736
723	11249	1124965457480491197801552729582060086704132137629
724	97483	974832075202565131633739442518681179756311613098
725	41500	415008942419033345389268791568960255899691029505
726	48057	480571889162124416145471475759458498079373061977
727	39785	397851434620923484974486624887634787539501328869
728	53831	53831600999966225101482294822512580285372849290
729	10092	1009267685689772708055632178557940971663689885200
730	93897	938977558674123251033908008286284511784201526150
731	93148	93148284769543646947229106079236084972907886724
732	26287	26287601757240519387196024429526827013723613419
733	41958	419586286647372571213831531386938651464268118182
734	96072	960727868217286511538952765887902478646704427628
735	11872	1187203119709909315389450622327602345055657954982
736	97289	972894409592946043536894397778383367919583140386
737	77825	778252185851896307314480224684845802828330330398
738	52821	52821502136802901556106750561662478581528095437
739	12247	1224745028246670751862030949797934340409614961883
740	63805	638052172772819852495189742482100439609985946222
741	23841	238416420363221424878850827932099046164560852878
742	10300	1030006100009207320837648041896892814544492892326
743	74697	746970526840323726105687720419831101778880302625
744	10639	1063968483365416633100665694187138059148711399497
745	62386	623861866551943724498347674494262626294841016599
746	25672	25672644908974020847935223536230909175963792653
747	94849	948498133695367774858049044972807948762568381663
748	54988	5498846819012299273935513123783638405582825583
749	12867	1286780812563162454285543630259312179457415121829
750	52558	52558320335968112377760035616906306462229264669
751	11225	1122554722937199061944558273430976854092796226907
752	87014	870146246895914170906116944755397265278630214768
753	10597	1059741835642631228484709944854385580894648413273
754	93206	932067824365520485469360944107132635223897895977
755	32817	32817736228939445945789247778045578559327575399
756	59422	594227266903413472686863931188862931497405066245
757	11129	111297814378454854761073530396202398137916005270
758	77784	777841674567597559647630692169254289301713566588
759	12436	1243639188171754926409008516230930936567688911967
760	80177	801773635335737923079083512300675024483689475671
761	89797	89797372078619596047964175147217261836933821507
762	13205	1320581163160701912836009883600630156460172285791
763	41151	411519238961776203004087941844400898903863251926
764	16571	165710493753664925641712453639738269524274275000
765	13344	1334414895146558898094589495397262960940152715795
766	48716	48716927937013962922391396070125880546566504034
767	94036	940360791783200390503717355814591842306006563491
768	13373	1337331034534829226182293246341916717210571201786
769	41022	410227545047553756956511093116461180115382945094
770	50334	503343912528470134851018465561041617957718911390
771	22657	226576075134641809135598846628304153630298127136
772	13908	1390849887613520403614002038498748167973159901463
773	10050	1005035783165695992403898318901990159265825029753
774	48164	481643526135280029968429457806125554007955577453
775	68642	686428671882539307031912384045650753362481772190
776	42378	423781918406505981093395407976334979540491825705
777	23642	236425070581660389112613874049538552275795428180
778	37902	379024958651968234995085433825430870503603279008
779	41279	412792873611386496170016643068166127423227253405
780	32564	325644026191492181137594394862372703235475274516
781	29980	2998089835382076579974617473174455160345922576
782	11974	1197429303949268920134955607239434313288154323817
783	13954	1395475093220155241200756008054480991400855878237
784	11837	1183747859806668604984831480922667544384728879112
785	98319	983191439288658637681878461241506923517640736580
786	13188	1318800927607596524595246784233453911067793272024
787	22074	220745158370369427920603392606060497298904890759
788	10916	1091698874057434270799763440224552525358434864
789	12016	1201690181857012984192648729782934033532657104800
790	21736	21736527081591538586662659950771743093616709581
791	27673	276738494918733331551940225311723213812717668610
792	10940	1094041227279543722224874348897372746791545707436
793	90444	904445925958141290064087903766435110397762711395
794	11926	1192606313096439355653865894631701038495514713011
795	92688	926888396807689136972530892252789722028423713095
796	44872	448726889284615324665604587280019965530014131246
797	10024	1002412662095261378419436996297353742619684514780
798	27461	274615222592853485425971407915827066752732360182
799	45055	450554995954992868502085514965329486136451210916
800	52828	528286447559768871345501701930028148821900630067
801	11106	1110654583838168268600307622373174130630403762375
802	60091	600918022135744921339772494094078856361518952196
803	81488	814887281086727663357179841765690035392869653322
804	86525	865255363610433947989319043497632909364443550671
805	90499	904995998702294744515094991744265065710902858245
806	26508	26508120988206566071883028913648120203993424159
807	32625	326259594795004131879400755900196134699115011422
808	66656	666561190209647625736459845214513226361793516461
809	68625	686255881598389706139972353199401427692318854081
810	14306	143061106468669280809316507956148640767199885846
811	16419	164198209607089045233241558388510041075060820158
812	10332	1033293115117281364232823688935850796394689866167
813	10391	1039101381143626776362024654995883379088563655843
814	12796	1279638535617296822357055026502617653815027735910
815	71197	711977047971432542179348548218156092577732269430
816	13881	138810912568232425539942550190621528600241177360
817	81528	815283678389653774847074246328360533939765442245
818	21869	218699429550918248064317653688522113791557236154
819	65119	651192548123408330513041518393761576566320047743
820	78743	787439877569610525094636888364452205681839640340
821	83760	837600563399398406072936254197382785950498079120
822	84715	847156632154480468719141491993827711863721304655
823	13036	1303658953520929428483828393001159270288682404747
824	54941	549410493792933016083588717734669731535825436933
825	10215	1021563642528335980121837486761145065391612027425
826	90203	902033609493208635134965229928108773656178081972
827	71310	713105640783765044945834372284003111505698565274
828	71764	717647155001306152153647817559511364908758361610
829	84400	844009148173162159504296534022304405271658383590
830	59609	596091503171715506494467626255171256032837950398
831	14166	141661162013426808948380182694064956927113751005
832	14162	1416295670785972206036100465306440449945623357492
833	90062	900623532461521794002077438095284622968736419229
834	23631	236319407021892572347326445975933965105509308321
835	23008	230084434112052237809424514387519318800165258298
836	63775	637752417855107994134403728880826183162354000323
837	64575	645756470101218738703902509339581528886160149988
838	78749	787495351023335889559895401931827374803251320148
839	99380	993807146465128113099389913898989114330988592048
840	94798	947984466403194597937540731956183986443762784785
841	11029	1102978967297289351890979847251246587764629116408
842	46610	466105028335351295003675983353250801727409141937
843	10560	1056079702883554326871121772181229632366562447686
844	10216	1021669494245223431112668565843077573414296927363
845	89591	895916384950784067032274420584431030369858465384
846	55922	559224326418366612484783619480644716241055593494
847	87513	875139172026848781189963118960602988475340821762
848	10638	1063834884422738292854315255080782786295133909860
849	12358	1235852670616798629423560839584503490637732437445
850	78300	783006657266432085140432911381232726715386681705
851	58949	58949450544058590861593351407346464129236456137
852	11969	1196968582539978349340145875485357862548952957924
853	46121	461213522377890290869446056341345909257896880337
854	93497	934975451082991861191944022534161795434791036510
855	13514	1351407923692840304213113794071592525543621511472
856	47516	475163888868046403223554953821266891773223629212
857	13574	1357426371615009169983112838205030964376187422423
858	12992	1299294822140768780044555616316155518276044543222
859	19383	193830120367642355021462779970120731327054195958
860	89333	893334716142146854180741096337539302765115114507
861	55373	553736903350628316864634136446203965730673626229
862	56342	563424237888244001280168066309035261695758428901
863	91486	914862896554207461331614116336561361225187766134
864	41942	419428980844350129866441955463610351441078378655
865	40899	408990744518888155946310883749055444877570650738
866	92593	9259351447185345222937053053642989324920322629
867	82576	825760508607443285967597072239398589046070548233
868	13028	1302822389689044043663981403250579356683762507412
869	90706	907066963656613214914264230857644801878610894264
870	13782	1378235022587735769620332252673475141579142356610
871	10361	1036165207216968050108726409438965748610837770338
872	14068	1406862050285771502590487441487722264931127871000
873	50734	507347560438560778946932781376273382512703261368
874	73103	731034646957803448272376801059284292130940824081
875	10142	1014236499422178423844929577870501239643319073771
876	10196	1019634817020874579066187883118083444093595250971
877	18365	183653946441528466219966757009654245406585144521
878	85541	855414466950143945514987186427419358389022589232
879	87773	877738377971124730813163906377786852299792829501
880	59917	59917656045961251861694764669525714333429638492
881	13409	1340955695070158285930952976069814479884695084737
882	13303	1330342769675494909095698417734007334814141029520
883	11084	1108452471433976406548541286545666121507144194384
884	78382	783821838407414709152104537150310735240883670429
885	41774	417743115409641955463869974608246890550941776168
886	11307	1130737709518460092834461601265580857302077688002
887	65777	657772464596212374877664597469547772312384731111
888	19111	191114236407425186175418754854121783043329983468
889	82761	827615023342730594522671975436730359794323332108
890	24270	242709477797439782693792532377548561859706033204
891	12198	1219892384674050686484887541127319821237326344833
892	14405	1440548006100379329047195392581374647375091069525
893	12239	1223990851778391238880527904196385041433569948209
894	13605	1360590618073112800090855570617665043052112606383
895	11050	1105037757165889726423655522998252573210727503543
896	50735	507356321766420208650797722345346281006819395784
897	14550	1455014236163893226761964512524090675110111107889
898	44450	44450136802199163585280388542483747995413631990
899	10323	1032375360427587595850359291894436128512905705249
900	29898	298985220083779861943126109575348900762612081989
901	91477	914772148099404326964068341751161868540334029369
902	20597	205976739924758642791962386279519988916696876969
903	39119	391197376866916922805802550654071450563253039408
904	13632	1363282639338304384367221556794033624888937913025
905	12484	1248445603205601255205431228619802782907034958052
906	11505	1150539440759368749916603551326035840408643820047
907	47201	472014495014583493276954339821366884728317650109
908	11386	1138615917715231371436028856757674941393287073769
909	51381	513814051579229786732313397444818220868142024130
910	92012	920124409133500426308730649692427928008507443517
911	10465	1046527061448793472052331540155767793603947683085
912	19238	192387057550637219730589033282273873185047208637
913	12833	1283305809576602549374001049537079179768321839704
914	13892	1389241789149914715904379476565491395398632732762
915	10486	104863012043320736851732676726417520340502742463
916	14608	1460886892893968859732542721192718931781787374433
917	92528	925289416100852629701144316555903537446224883308
918	10656	1065691577142496187003340230619910605991178918918
919	12952	1295279541144125794842339532699400340989086429433
920	84181	841813877455274995776186082932140944182895092742
921	11934	1193471393539616102217636867899979568067911816286
922	15151	151516057317465676638095336606942115517406314852
923	14267	1426729280042368003251983529315805975853751929083
924	11407	1140770218354977862115841343383724895261118389753
925	17514	175148561556408551721830555249392910552929545488
926	12203	1220325822159341528648212980187180812252269275285
927	10684	1068487628730166051579518984172203569662746481751
928	33790	33790193667303608642774133124615637096394695368
929	17882	178826557059461799418019537175239303960718081932
930	11343	1134384403036578702797303377152741131598100169874
931	99892	998922409849482113716140400008537404138345589286
932	53254	532549045396284449659412147373950709792214002542
933	11331	1133111020982590332542644887785903070719279124663
934	24066	240662004353061950328126458441297820662457744712
935	10465	1046571672700971785112615683847581073444216822803
936	26962	269627558078636673934154380695248854269255465664
937	10496	1049653161197006217270283275719456876519722388675
938	11230	1123036661190060498445697612891557540473894714680
939	73288	73288308138606345336493886370297214938496853815
940	12139	1213967998528212956337041861658002887058432669158
941	94452	944520682753943354164537581490165691396835059678
942	13158	1315860533215528484236074584177599262760636571371
943	56278	562784138782923305720000632891157510804474652616
944	83642	836426551827464180082315267962992410305749857542
945	18265	182652679750974081570594507252870658939727780363
946	23691	236912774561913925323773431305266107952438040394
947	10347	1034793958124208293873289224463516166619752625663
948	53807	53807314825435166852146840748247702385502404977
949	78098	780980557460792835247165916955038309019416259082
950	97612	97612560823314864749207083193540216602319195056
951	57161	571619934345116208912280921988302467980082287035
952	56108	561080005379257276077403816782908874435769100009
953	33581	335813032489653015256985296055237931020951626150
954	31327	313277920924829364562803213423982915785198925421
955	11213	1121345634265791627343600936701864309466654719872
956	81614	816146568244022523578035149110477422666579996273
957	80037	800373976040930241946069830433008847162935650979
958	58610	586109747198556698914011206926984718816257293367
959	11448	1144828170768131427693836888402462885123044152175
960	12840	1284074517760216983108330571306469771806257992471
961	10707	1070732182766994626709905313534807630880619139548
962	11677	1167752085861716262809213491008770226780530648914
963	31877	318779775551022450109348063525537389980392594748
964	34620	346206198780074898641899527320102230279631921904
965	20511	205117735953288875924263878407670095834237226
966	42989	429895052334207235627289577952624454535384596468
967	46769	467698980102358741370363133542686286050557634695
968	56176	561765248719230127737458791563186705949612260511
969	70294	702942055136329194965037554742158823709134947155
970	38170	381700973120555864549832053580636037452358671291
971	69088	690888155389159319379561764935913209090385133033
972	75910	75910167861002129720907334819807842926083645774
973	62573	625736290024004493959139359913301705030021969372
974	61980	619808329675333454756210814724381086151600034158
975	61547	615476440752186933473851525747457703578630064207
976	67392	673926110444829685447828567432530967780957956899
977	56207	562076073980460817402638761818138821312109673783
978	37175	371751565504926858847616755324147160961813377207
979	10968	1096888803176640030800534378604983546764992770965
980	12405	1240524702606212504629017473753655374586124836968
981	42886	428868430965536448506605360415307790644286805843
982	79561	795619942199040395144133030753389443005146946645
983	36468	364684277943389647366923491730276988682464069131
984	33482	33482074600731414415145853029866672354307300101
985	89433	894338749877786211989795720984729500370712710510
986	80757	807576871938053543539592241787543675027381389516
987	13762	1376297254347002960729867707478580390735110652346
988	14761	147618878178973467538764170261489844184320303134
989	13212	132127964712696075296882814680520766512037270901
990	38971	389719951893518201284710952017679316741770262516
991	13287	1328756379915074563224937936554041936824691338917
992	68762	687625687846074512746527961037081841235667080675
993	62346	623465578013229615651891069892285730676581025481
994	57864	578648720450320211928611626956286667059622268523
995	47120	471208874803140402830821880378875284757708555151
996	16853	168532317481909441296511294436463928089915946688
997	98690	986908698120443021774596888580174364759666107777
998	10854	1085480989300439638139670700271043887158445891345
999	63228	632284987829540525006236265261885843322899479685
1000	40424	404244113555107419540075679876425564380198698562

# left5 only sequence
66863,38175,71840,11199,40694,72991,53624,85819,10299,13882,30921,12620,49852,65326,91214,55185,45443,13756,61217,32179,81990,97156,45702,11783,44055,10260,18746,12681,12330,78427,27254,14433,10573,12860,89453,27330,13209,86967,31811,65155,11466,83673,11744,30363,12499,13126,11705,12244,14229,13960,12641,10529,13788,63555,11589,13198,24044,10314,96985,59648,11133,16961,12546,24139,59174,59328,44704,11518,13775,80352,11083,87562,10983,89379,73914,12907,50217,65902,61636,80264,10033,11360,85236,74628,28406,10473,23349,11293,66785,23939,18922,15571,18183,10610,12469,11204,13598,79256,11888,38424,13285,16550,25027,19409,12410,13942,89657,30986,81186,13420,41091,94583,45037,10439,10568,54945,14221,45014,76518,13933,80028,26053,18858,15386,11110,87644,37827,69881,10985,12300,12331,19009,13444,33369,45662,12802,13180,14476,12604,18473,24434,27682,58646,66890,32451,94647,40053,13795,13324,99076,12427,11244,10014,28219,10771,99025,10761,27628,54037,98197,92072,59565,87545,13001,13462,11486,60513,11087,10036,70869,74030,13905,70738,13565,11259,30273,71181,89415,16687,90263,11184,54299,82988,13376,73557,27669,54192,34179,11816,79174,55838,47478,86070,41501,12286,64091,48577,97348,83672,14593,55054,93675,49651,11516,10678,11414,87758,14181,63643,13255,57181,27640,12447,88378,35630,11492,80200,73790,26304,28726,64655,73378,22083,12611,82173,51990,10195,74884,20573,61851,96125,72250,93967,10643,96179,11954,11104,61115,42373,26878,11282,13662,61077,10824,33904,70154,12991,11631,89966,14186,53306,18505,14497,14612,76671,91890,13149,62349,11792,61063,28850,70992,26123,12598,12317,18674,25435,43255,13262,13598,76216,80922,10638,13303,91489,59136,87608,69971,84798,13208,48001,13851,89604,40465,60757,10508,17500,11765,52481,73828,62581,94902,46199,11071,76487,11509,10524,51637,12514,91264,74058,66867,40448,41871,11362,10203,13412,48795,10921,64925,98150,57682,42308,73196,75963,54446,12461,97870,12098,15777,90014,14044,60728,37002,13305,86783,58843,14172,63449,87229,77864,95474,89451,12375,11631,61747,11687,69034,54079,13477,73595,11629,12575,87768,91466,96577,71191,51657,10901,69248,10066,44893,43859,22936,14608,11214,12178,11908,13173,90615,16438,10961,91032,14118,40003,27731,20179,13023,15049,12362,83666,20812,48027,12185,45063,79649,11116,12080,12342,99408,93104,81892,32377,14472,71641,93798,10431,92190,11091,19688,70156,62628,25597,47912,12144,11097,13082,54709,10184,13781,70585,81017,14999,23401,13188,24430,78594,20803,48204,10956,11031,13291,13652,49603,52465,12453,71472,34229,52694,63606,43513,84228,33373,69414,26926,86382,63528,80909,78039,14192,77731,94130,53996,98513,27942,19087,26874,42295,27293,11668,13194,11275,66741,40674,81717,67233,12787,10739,33504,77409,10628,41294,14361,60335,46058,64803,10292,69111,13416,51886,31965,20816,26420,10254,24061,96321,71396,27199,62501,88243,11908,12521,93170,13510,15320,11948,11645,44166,12360,12465,14546,24708,26623,59784,14383,74417,11909,11106,69773,78828,35099,69745,13147,14230,17993,14556,71469,17278,12367,13491,44440,11878,69926,98546,62769,74090,57040,10169,12580,19593,77322,12606,63947,12299,14155,12218,41812,26368,11388,44862,37733,36385,22034,22747,85420,27068,10322,86436,76276,99750,12991,91714,38993,47580,17602,13356,10144,22121,92183,96382,85740,96456,46615,63636,14501,41462,13026,12131,14303,11704,49025,14476,14434,36604,87329,75780,12170,53611,91613,99948,71859,72714,14011,71655,11136,53585,11400,73362,11500,13120,82155,57792,53618,27654,13425,14105,73415,52624,43260,10195,71073,63922,12983,12366,32218,12582,62240,10056,11983,63715,59234,34445,47132,47320,51321,91963,14049,52319,99236,13400,67282,42097,12964,14357,74903,42516,17292,52541,17499,33020,12671,11569,12862,96540,93907,22798,87513,26380,86942,13622,14008,81374,35387,24154,21043,71960,61105,37297,10442,70749,50505,43175,10030,74757,15013,10246,59661,12286,12142,12488,13762,11680,56383,14548,52378,58880,13215,60365,13436,11129,87274,60157,41918,69948,13046,32838,43422,11973,99079,77927,45941,49473,22121,68777,88735,61925,40190,54298,48882,55230,76643,58486,37254,71907,15379,37553,63938,87140,25119,56419,14045,12842,74055,22604,78911,11029,12328,97301,14224,39800,12810,59120,64851,54099,93714,48995,18404,54351,21993,10907,11184,10614,12801,79830,51889,40595,90892,38170,59496,22176,94226,70267,15792,10705,81966,17364,13787,10884,97987,49836,11825,42042,11249,97483,41500,48057,39785,53831,10092,93897,93148,26287,41958,96072,11872,97289,77825,52821,12247,63805,23841,10300,74697,10639,62386,25672,94849,54988,12867,52558,11225,87014,10597,93206,32817,59422,11129,77784,12436,80177,89797,13205,41151,16571,13344,48716,94036,13373,41022,50334,22657,13908,10050,48164,68642,42378,23642,37902,41279,32564,29980,11974,13954,11837,98319,13188,22074,10916,12016,21736,27673,10940,90444,11926,92688,44872,10024,27461,45055,52828,11106,60091,81488,86525,90499,26508,32625,66656,68625,14306,16419,10332,10391,12796,71197,13881,81528,21869,65119,78743,83760,84715,13036,54941,10215,90203,71310,71764,84400,59609,14166,14162,90062,23631,23008,63775,64575,78749,99380,94798,11029,46610,10560,10216,89591,55922,87513,10638,12358,78300,58949,11969,46121,93497,13514,47516,13574,12992,19383,89333,55373,56342,91486,41942,40899,92593,82576,13028,90706,13782,10361,14068,50734,73103,10142,10196,18365,85541,87773,59917,13409,13303,11084,78382,41774,11307,65777,19111,82761,24270,12198,14405,12239,13605,11050,50735,14550,44450,10323,29898,91477,20597,39119,13632,12484,11505,47201,11386,51381,92012,10465,19238,12833,13892,10486,14608,92528,10656,12952,84181,11934,15151,14267,11407,17514,12203,10684,33790,17882,11343,99892,53254,11331,24066,10465,26962,10496,11230,73288,12139,94452,13158,56278,83642,18265,23691,10347,53807,78098,97612,57161,56108,33581,31327,11213,81614,80037,58610,11448,12840,10707,11677,31877,34620,20511,42989,46769,56176,70294,38170,69088,75910,62573,61980,61547,67392,56207,37175,10968,12405,42886,79561,36468,33482,89433,80757,13762,14761,13212,38971,13287,68762,62346,57864,47120,16853,98690,10854,63228,40424