SPEARMAN BROAD PUBLIC MATRIX (solved pairwise)
cohort_n=82  (Spearman on raw values; diagonal = 1 by definition)

                  Px        Py     neg_y       Y2p       X3p   y2_fullx3plus7_full   p_carry         r         s         z        Ry      h160       sVH      sCHK checksum4h160_hammings_inv_z_mod_Nsha256_pubkey
------------------------------------------------------------------------------------------------------------------------------------------------------------------------------------------------------------------
        Px    1.0000   +0.0660   -0.0660   -0.0030   -0.0030   +0.0660   +1.0000   +1.0000   +0.2435   +0.0365   +0.0661   +0.1427   +0.1922   +0.3017   +0.0811   +0.0811   +0.1674   +0.1501   +0.1891
        Py   +0.0660    1.0000   -1.0000   -0.0311   -0.0311   +1.0000   +0.0660   +0.0660   -0.0279   -0.0510   -0.0217   -0.0355   +0.0668   +0.0165   +0.1653   +0.1653   -0.1396   +0.1209   -0.0033
     neg_y   -0.0660   -1.0000    1.0000   +0.0311   +0.0311   -1.0000   -0.0660   -0.0660   +0.0279   +0.0510   +0.0217   +0.0355   -0.0668   -0.0165   -0.1653   -0.1653   +0.1396   -0.1209   +0.0033
       Y2p   -0.0030   -0.0311   +0.0311    1.0000   +1.0000   -0.0311   -0.0030   -0.0030   -0.1203   -0.1082   +0.1651   +0.0967   +0.1281   -0.0860   +0.1862   +0.1862   -0.1289   -0.0857   +0.2307
       X3p   -0.0030   -0.0311   +0.0311   +1.0000    1.0000   -0.0311   -0.0030   -0.0030   -0.1203   -0.1082   +0.1651   +0.0967   +0.1281   -0.0860   +0.1862   +0.1862   -0.1289   -0.0857   +0.2307
   y2_full   +0.0660   +1.0000   -1.0000   -0.0311   -0.0311    1.0000   +0.0660   +0.0660   -0.0279   -0.0510   -0.0217   -0.0355   +0.0668   +0.0165   +0.1653   +0.1653   -0.1396   +0.1209   -0.0033
x3plus7_full   +1.0000   +0.0660   -0.0660   -0.0030   -0.0030   +0.0660    1.0000   +1.0000   +0.2435   +0.0365   +0.0661   +0.1427   +0.1922   +0.3017   +0.0811   +0.0811   +0.1674   +0.1501   +0.1891
   p_carry   +1.0000   +0.0660   -0.0660   -0.0030   -0.0030   +0.0660   +1.0000    1.0000   +0.2435   +0.0365   +0.0661   +0.1427   +0.1922   +0.3017   +0.0811   +0.0811   +0.1674   +0.1501   +0.1891
         r   +0.2435   -0.0279   +0.0279   -0.1203   -0.1203   -0.0279   +0.2435   +0.2435    1.0000   -0.1495   -0.1600   -0.1663   -0.0239   -0.1297   -0.1541   -0.1541   +0.0221   +0.1268   +0.1584
         s   +0.0365   -0.0510   +0.0510   -0.1082   -0.1082   -0.0510   +0.0365   +0.0365   -0.1495    1.0000   +0.1921   +0.0225   -0.0065   +0.0885   +0.1017   +0.1017   -0.0433   +0.1310   -0.0740
         z   +0.0661   -0.0217   +0.0217   +0.1651   +0.1651   -0.0217   +0.0661   +0.0661   -0.1600   +0.1921    1.0000   +0.0041   -0.0965   -0.0519   +0.0736   +0.0736   -0.0062   -0.1614   +0.0281
        Ry   +0.1427   -0.0355   +0.0355   +0.0967   +0.0967   -0.0355   +0.1427   +0.1427   -0.1663   +0.0225   +0.0041    1.0000   -0.0597   +0.0820   -0.0484   -0.0484   -0.0867   -0.0731   +0.1004
      h160   +0.1922   +0.0668   -0.0668   +0.1281   +0.1281   +0.0668   +0.1922   +0.1922   -0.0239   -0.0065   -0.0965   -0.0597    1.0000   +0.0547   +0.1355   +0.1355   +0.1463   +0.0288   -0.0607
       sVH   +0.3017   +0.0165   -0.0165   -0.0860   -0.0860   +0.0165   +0.3017   +0.3017   -0.1297   +0.0885   -0.0519   +0.0820   +0.0547    1.0000   -0.0486   -0.0486   -0.0419   +0.0307   -0.0673
      sCHK   +0.0811   +0.1653   -0.1653   +0.1862   +0.1862   +0.1653   +0.0811   +0.0811   -0.1541   +0.1017   +0.0736   -0.0484   +0.1355   -0.0486    1.0000   +1.0000   +0.0766   +0.0394   +0.1867
 checksum4   +0.0811   +0.1653   -0.1653   +0.1862   +0.1862   +0.1653   +0.0811   +0.0811   -0.1541   +0.1017   +0.0736   -0.0484   +0.1355   -0.0486   +1.0000    1.0000   +0.0766   +0.0394   +0.1867
h160_hamming   +0.1674   -0.1396   +0.1396   -0.1289   -0.1289   -0.1396   +0.1674   +0.1674   +0.0221   -0.0433   -0.0062   -0.0867   +0.1463   -0.0419   +0.0766   +0.0766    1.0000   -0.0397   +0.0729
s_inv_z_mod_N   +0.1501   +0.1209   -0.1209   -0.0857   -0.0857   +0.1209   +0.1501   +0.1501   +0.1268   +0.1310   -0.1614   -0.0731   +0.0288   +0.0307   +0.0394   +0.0394   -0.0397    1.0000   +0.1204
sha256_pubkey   +0.1891   -0.0033   +0.0033   +0.2307   +0.2307   -0.0033   +0.1891   +0.1891   +0.1584   -0.0740   +0.0281   +0.1004   -0.0607   -0.0673   +0.1867   +0.1867   +0.0729   +0.1204    1.0000

Diagonal alignment: every self-correlation is exactly 1 (rank identity).
Off-diagonal: non-d public structure only (no d column).
