address_payload / 2^32 == rmd160
Because payload = 0x00 || rmd160(20) || checksum4(4)
so  payload = rmd160 * 2^32 + checksum4

integer:  payload // 2^32 == rmd160
integer:  payload %  2^32 == checksum4

verified: div 160/160  mod 160/160  bad=0

n  payload//2^32  rmd160  payload%2^32  checksum4  match
  1  668631300771580858519448973337422070966705667030  668631300771580858519448973337422070966705667030  1359812148  1359812148  Y
  2  718403660328363540930262193232206719102664545244  718403660328363540930262193232206719102664545244  2886159340  2886159340  Y
  3  536243368524251735213067994289559226314232905577  536243368524251735213067994289559226314232905577  1083247487  1083247487  Y
  4  858196129710125108969461473765761556086357262631  858196129710125108969461473765761556086357262631  1308809193  1308809193  Y
  5  819909130476456583353010126295286803050480151528  819909130476456583353010126295286803050480151528  3241711859  3241711859  Y
  6  1422938361785517703193252764698103288189985535068  1422938361785517703193252764698103288189985535068  2084675093  2084675093  Y
  7  1290793487127550014383702103624146352199914137971  1290793487127550014383702103624146352199914137971  1331255633  1331255633  Y
  8  1261138775692712149696202787394399959843747338005  1261138775692712149696202787394399959843747338005  1568254512  1568254512  Y
  9  713967799919625256716374725165889542310020885172  713967799919625256716374725165889542310020885172  2301172252  2301172252  Y
 10  1229988549367758195482375056171272785889114114363  1229988549367758195482375056171272785889114114363  2882222237  2882222237  Y
 11  1420258574028295142069556855955870240178449439436  1420258574028295142069556855955870240178449439436  1618527934  1618527934  Y
 12  762907946851444594797659748021439920693586426225  762907946851444594797659748021439920693586426225  2282953163  2282953163  Y
 13  1422671866895548051598414881052213069570634322462  1422671866895548051598414881052213069570634322462  1330674830  1330674830  Y
 14  867613985313550977083702122789251856133557384789  867613985313550977083702122789251856133557384789  1183258111  1183258111  Y
 15  1452854965203854852784285833963984442409559974562  1452854965203854852784285833963984442409559974562  2554964791  2554964791  Y
 16  640247855682826274945079107018173139769079882717  640247855682826274945079107018173139769079882717  617679621  617679621  Y
 17  1041817548089532888577328303730085035514779282770  1041817548089532888577328303730085035514779282770  4104647536  4104647536  Y
 18  988336026286508223333488648011074333196565168020  988336026286508223333488648011074333196565168020  3519583217  3519583217  Y
 19  1347230398123039564363063653660119426004095827438  1347230398123039564363063653660119426004095827438  2142989316  2142989316  Y
 20  1056336440057890977469245144395901775033009645672  1056336440057890977469245144395901775033009645672  773854600  773854600  Y
 21  237804177383854528740903125868242177373381939030  237804177383854528740903125868242177373381939030  778347854  778347854  Y
 22  730490441222236681983475761756490845119937558635  730490441222236681983475761756490845119937558635  3982540055  3982540055  Y
 23  1191208063599878572513231033350390464373258344350  1191208063599878572513231033350390464373258344350  3840733353  3840733353  Y
 24  53385893695830736954287151536774605509274148399  53385893695830736954287151536774605509274148399  7373750  7373750  Y
 25  269603043908408876625075787454789060252112076219  269603043908408876625075787454789060252112076219  2127369292  2127369292  Y
 26  1095673872063665820899832388566612622792828680495  1095673872063665820899832388566612622792828680495  997484431  997484431  Y
 27  71243861791265191137214191320679822682818958688  71243861791265191137214191320679822682818958688  3268418873  3268418873  Y
 28  108620822813522492266376581819639427924697199066  108620822813522492266376581819639427924697199066  1826579559  1826579559  Y
 29  515268194363014992560971554439871005288137993708  515268194363014992560971554439871005288137993708  3468760472  3468760472  Y
 30  1208082155364218401054824993407966429168167979528  1208082155364218401054824993407966429168167979528  211619208  211619208  Y
 31  1233275022303565415848271542199699492273185697565  1233275022303565415848271542199699492273185697565  1466732701  1466732701  Y
 32  903500764273463988181880382493368868364757171657  903500764273463988181880382493368868364757171657  274477614  274477614  Y
 33  445789552854827258519679623158235196608435468663  445789552854827258519679623158235196608435468663  656013710  656013710  Y
 34  1409195019480180817027142177057793077195655027706  1409195019480180817027142177057793077195655027706  4005610399  4005610399  Y
 35  1409246647413634000669501988133766625975765229349  1409246647413634000669501988133766625975765229349  3317088858  3317088858  Y
 36  666209680845499668942276208778031274768217029943  666209680845499668942276208778031274768217029943  3973304150  3973304150  Y
 37  232709645806532347672404250083069682558406623773  232709645806532347672404250083069682558406623773  3385210865  3385210865  Y
 38  1013722433278159602814047952734852660778642936676  1013722433278159602814047952734852660778642936676  3672482103  3672482103  Y
 39  63876230572707873508234135797240279655584434294  63876230572707873508234135797240279655584434294  1568391795  1568391795  Y
 40  854237606288993386296614577933893851507448784938  854237606288993386296614577933893851507448784938  3146133197  3146133197  Y
 41  1195101003418270651936726151754778726502137799465  1195101003418270651936726151754778726502137799465  2970092885  2970092885  Y
 42  816285847428956852616596090519147176822436113955  816285847428956852616596090519147176822436113955  315959579  315959579  Y
 43  1422258317327597411975229754066466828059503789815  1422258317327597411975229754066466828059503789815  3052316190  3052316190  Y
 44  735731279167363089777870573039117884608175175966  735731279167363089777870573039117884608175175966  853334338  853334338  Y
 45  1370924023442753987668790675498329316655952430931  1370924023442753987668790675498329316655952430931  2756440039  2756440039  Y
 46  879209874213525173498478046090602189831574216108  879209874213525173498478046090602189831574216108  2266601326  2266601326  Y
 47  1416721772705832183653630092736940391680165218260  1416721772705832183653630092736940391680165218260  3907698068  3907698068  Y
 48  767185648922580237091054742368595402840905065138  767185648922580237091054742368595402840905065138  3081353599  3081353599  Y
 49  75272264897479209870015558571483750752661274099  75272264897479209870015558571483750752661274099  271177656  271177656  Y
 50  1267576749599505555747068797843308804122053405255  1267576749599505555747068797843308804122053405255  2568680735  2568680735  Y
 51  1366681117329306577623591532425577331157813615591  1366681117329306577623591532425577331157813615591  1400498031  1400498031  Y
 52  312196984432035396752469331924175937073177770727  312196984432035396752469331924175937073177770727  3315603118  3315603118  Y
 53  269938057899479461158616439596796306233630299473  269938057899479461158616439596796306233630299473  1987513478  1987513478  Y
 54  1161210102483809148056434056724088437972988960914  1161210102483809148056434056724088437972988960914  2505454808  2505454808  Y
 55  1252138907939822495094648120141872428436175794082  1252138907939822495094648120141872428436175794082  2695399111  2695399111  Y
 56  411789911050205055549480569502908195550632201421  411789911050205055549480569502908195550632201421  1689308037  1689308037  Y
 57  288446282595067968546013571889449807045549408929  288446282595067968546013571889449807045549408929  415524881  415524881  Y
 58  800203740775494208142289794543520963941115012623  800203740775494208142289794543520963941115012623  3159952474  3159952474  Y
 59  1012249212207301635546491536645835287862862479888  1012249212207301635546491536645835287862862479888  1868963471  1868963471  Y
 60  1175893709364434667313789655986219198424304564677  1175893709364434667313789655986219198424304564677  3113836772  3113836772  Y
 61  594164164031002552475729414164827687038935960765  594164164031002552475729414164827687038935960765  1945565472  1945565472  Y
 62  1292512762774665325481363539472456428946164135801  1292512762774665325481363539472456428946164135801  4213721011  4213721011  Y
 63  1366426566587427457437295346366762454786099365134  1366426566587427457437295346366762454786099365134  2475958327  2475958327  Y
 64  359043673790534646037006540730459475416853924004  359043673790534646037006540730459475416853924004  1096042307  1096042307  Y
 65  473297396586642889676789498927544571546534609207  473297396586642889676789498927544571546534609207  4168814151  4168814151  Y
 66  187423338981158211254787117322131734317871511717  187423338981158211254787117322131734317871511717  3999666866  3999666866  Y
 67  659839303824851248897023097662559050620196000625  659839303824851248897023097662559050620196000625  1921469210  1921469210  Y
 68  1282931445580409769159733555426437642907293617404  1282931445580409769159733555426437642907293617404  876916710  876916710  Y
 69  559024828876016353727014141016900571036246267306  559024828876016353727014141016900571036246267306  3442607291  3442607291  Y
 70  535057393045998874059714060903434364160149232400  535057393045998874059714060903434364160149232400  1183261830  1183261830  Y
 71  1409881258637808013424319364921988958402444830136  1409881258637808013424319364921988958402444830136  2720676523  2720676523  Y
 72  1093005858046150051368141111734855986006492269275  1093005858046150051368141111734855986006492269275  286986876  286986876  Y
 73  93384296080826527513866566226544575789017883620  93384296080826527513866566226544575789017883620  399022125  399022125  Y
 74  908328440664262624303717541128995615168875650877  908328440664262624303717541128995615168875650877  2433260749  2433260749  Y
 75  1066857462653252525599924701941488823087534958031  1066857462653252525599924701941488823087534958031  2814606569  2814606569  Y
 76  770579831785767823487286250650586160735351106836  770579831785767823487286250650586160735351106836  2591034898  2591034898  Y
 77  686418639569180635640190628097581103131399445289  686418639569180635640190628097581103131399445289  907132935  907132935  Y
 78  302581759018585366810500576223602477509924946316  302581759018585366810500576223602477509924946316  4145341242  4145341242  Y
 79  590325581182733434801721127707688642479055123418  590325581182733434801721127707688642479055123418  3671828721  3671828721  Y
 80  638819083263296274033048035452588456376781467563  638819083263296274033048035452588456376781467563  1916061863  1916061863  Y
 81  303253928545191905666729829858498338001917941198  303253928545191905666729829858498338001917941198  3468982700  3468982700  Y
 82  187383170712278387814651781948281117334709006433  187383170712278387814651781948281117334709006433  3588589693  3588589693  Y
 83  210138660389333538426591951288269072538385683874  210138660389333538426591951288269072538385683874  1891645823  1891645823  Y
 84  711344854160810539215527631065451319146725814336  711344854160810539215527631065451319146725814336  3906485802  3906485802  Y
 85  1170426901241854241709081193811880349368293442177  1170426901241854241709081193811880349368293442177  121808139  121808139  Y
 86  1130404035005701164489139510070989989531325379893  1130404035005701164489139510070989989531325379893  744747204  744747204  Y
 87  1437395301641206234822689706758814716305552542558  1437395301641206234822689706758814716305552542558  819566390  819566390  Y
 88  323481455207859318196811937059934253257606019905  323481455207859318196811937059934253257606019905  61626260  61626260  Y
 89  526484540621208074518327605183262185279235361150  526484540621208074518327605183262185279235361150  1851949455  1851949455  Y
 90  1189865853444424610515023763315667935443520350027  1189865853444424610515023763315667935443520350027  3621382499  3621382499  Y
 91  876173116364988917333744521276841586208609565994  876173116364988917333744521276841586208609565994  1384337615  1384337615  Y
 92  577783305839750673717077702817077337984848608056  577783305839750673717077702817077337984848608056  52488468  52488468  Y
 93  400701514705121706839146850283519298151475293325  400701514705121706839146850283519298151475293325  2608734106  2608734106  Y
 94  1133646709321770327049680273413667912039994763612  1133646709321770327049680273413667912039994763612  2469316149  2469316149  Y
 95  541465061473978956208018762469779110556238966152  541465061473978956208018762469779110556238966152  2028596793  2028596793  Y
 96  260611799489884853864223547583164836812465848292  260611799489884853864223547583164836812465848292  1692640832  1692640832  Y
 97  499839569762987285421747565448537139089124745202  499839569762987285421747565448537139089124745202  3964123049  3964123049  Y
 98  724682041044394042412282097016652621081305916774  724682041044394042412282097016652621081305916774  3803298508  3803298508  Y
 99  1096749620075145683719283127975893793710808034267  1096749620075145683719283127975893793710808034267  598749909  598749909  Y
100  1139828915410140602940027378257050630209464810606  1139828915410140602940027378257050630209464810606  1201377842  1201377842  Y
101  708505052330687834349934766768853773741718227307  708505052330687834349934766768853773741718227307  250025695  250025695  Y
102  1411090903941230486923712595932755793497895330102  1411090903941230486923712595932755793497895330102  3289890802  3289890802  Y
103  601581318945004638047254703148842866373951532996  601581318945004638047254703148842866373951532996  2170432352  2170432352  Y
104  839269988465227902645155451955075822947608710772  839269988465227902645155451955075822947608710772  2181461236  2181461236  Y
105  711248617921246431383372316888446851610771607728  711248617921246431383372316888446851610771607728  1743819244  1743819244  Y
106  458741171730833921097604557197223386194016439879  458741171730833921097604557197223386194016439879  419376388  419376388  Y
107  264850468790110046403329152135145724704130418961  264850468790110046403329152135145724704130418961  2022545115  2022545115  Y
108  1012783143361383820121472247257182708418147555851  1012783143361383820121472247257182708418147555851  130111320  130111320  Y
109  997303271905635174305513760324211818079677078208  997303271905635174305513760324211818079677078208  2506836179  2506836179  Y
110  82049690233000541999703872760420841279646528007  82049690233000541999703872760420841279646528007  1193468881  1193468881  Y
111  439509009352293584448532965993889360610814035702  439509009352293584448532965993889360610814035702  2350502566  2350502566  Y
112  448198976487927889778597657621737981239201686670  448198976487927889778597657621737981239201686670  3863475778  3863475778  Y
113  1355332279089949263476438639467295913611054365944  1355332279089949263476438639467295913611054365944  3629218915  3629218915  Y
114  379451362975576555275566055077390313470706275052  379451362975576555275566055077390313470706275052  1594597524  1594597524  Y
115  1336242137349918844473431344447377884268099680676  1336242137349918844473431344447377884268099680676  2369898057  2369898057  Y
116  1301371289998734707195777132789338995863771977936  1301371289998734707195777132789338995863771977936  1651279674  1651279674  Y
117  1150352368948456217336505911164296121198948000180  1150352368948456217336505911164296121198948000180  2439395096  2439395096  Y
118  1396670736267443564335776329761702932137736452276  1396670736267443564335776329761702932137736452276  3855141025  3855141025  Y
119  995684081106651601129030835393177843554382293123  995684081106651601129030835393177843554382293123  2290110106  2290110106  Y
120  429754963754638417526069230406242595932172005518  429754963754638417526069230406242595932172005518  4235354296  4235354296  Y
121  952788320678754687145336870748779855709032259951  952788320678754687145336870748779855709032259951  3814876072  3814876072  Y
122  1292455558285977878397685231656496098540043516304  1292455558285977878397685231656496098540043516304  3624417119  3624417119  Y
123  728706233561485620939706721032402912060208409039  728706233561485620939706721032402912060208409039  3873384715  3873384715  Y
124  673466163209366754557075241241841294431689622670  673466163209366754557075241241841294431689622670  548629091  548629091  Y
125  1410289573493889363768636573386390669777117011912  1410289573493889363768636573386390669777117011912  2121907948  2121907948  Y
126  595132376335207227321553267328301777165354926321  595132376335207227321553267328301777165354926321  915870803  915870803  Y
127  944994832736966999835889032287279178151625740330  944994832736966999835889032287279178151625740330  442884985  442884985  Y
128  1287041454390570401909108137986760307387172979986  1287041454390570401909108137986760307387172979986  496387700  496387700  Y
129  1063570561959636648875216504076504099123703971608  1063570561959636648875216504076504099123703971608  2673722923  2673722923  Y
130  926487466391190518400652264242117545057915817845  926487466391190518400652264242117545057915817845  253873151  253873151  Y
131  375114163551972017189478196983396162425165017566  375114163551972017189478196983396162425165017566  890595444  890595444  Y
132  1180629034164786474574547110528494792899753988461  1180629034164786474574547110528494792899753988461  85880664  85880664  Y
133  7450356150302098424031656932077869694484778575  7450356150302098424031656932077869694484778575  193729746  193729746  Y
134  135006967471722839980834131417616923823772958905  135006967471722839980834131417616923823772958905  494785132  494785132  Y
135  339313561024031265435986695011695739557734064934  339313561024031265435986695011695739557734064934  2072985111  2072985111  Y
136  29380874063263221243322914031204830152914240356  29380874063263221243322914031204830152914240356  3905438178  3905438178  Y
137  299788272674797114125645650092407727936098356380  299788272674797114125645650092407727936098356380  543622705  543622705  Y
138  600393062199263539860547409466303341296569852044  600393062199263539860547409466303341296569852044  2143715432  2143715432  Y
139  938363666624600682979641767079516724657689148298  938363666624600682979641767079516724657689148298  967398523  967398523  Y
140  1459967559939888260982347273241848146976503119130  1459967559939888260982347273241848146976503119130  1926879174  1926879174  Y
141  701961902767661508059361428154984989764514246598  701961902767661508059361428154984989764514246598  826472252  826472252  Y
142  272930925398237711062007599079555106662373330914  272930925398237711062007599079555106662373330914  3265334480  3265334480  Y
143  148015448143850938387727920767978496077960910416  148015448143850938387727920767978496077960910416  1433079706  1433079706  Y
144  1356042981444954487144674343392623771199648613276  1356042981444954487144674343392623771199648613276  2080949869  2080949869  Y
145  518073365973944588491746167881348747634254849833  518073365973944588491746167881348747634254849833  1968042679  1968042679  Y
146  1259722750988045022971776140380247639579009185135  1259722750988045022971776140380247639579009185135  2318643602  2318643602  Y
147  474397641132759930723256928909800015183218411502  474397641132759930723256928909800015183218411502  597828009  597828009  Y
148  935636230466629221446171294459967126013009363610  935636230466629221446171294459967126013009363610  3771768838  3771768838  Y
149  722242930416841308883362845578615561975407945168  722242930416841308883362845578615561975407945168  966020011  966020011  Y
150  1281942764983261244214484649062667597825970945828  1281942764983261244214484649062667597825970945828  181999072  181999072  Y
151  150211390682429332175597990070554728164462314990  150211390682429332175597990070554728164462314990  3193757602  3193757602  Y
152  1246495754168834689999408182028413167603600178283  1246495754168834689999408182028413167603600178283  1929143757  1929143757  Y
153  438512500477676049084978069824432762602147085503  438512500477676049084978069824432762602147085503  1826090841  1826090841  Y
154  1357733658768552504317143994163865270367025296107  1357733658768552504317143994163865270367025296107  2690379531  2690379531  Y
155  613972286197244727413767505767766228563642651364  613972286197244727413767505767766228563642651364  3659715817  3659715817  Y
156  905676697066653229731511319399117054144289639268  905676697066653229731511319399117054144289639268  3775039003  3775039003  Y
157  206537746753890332466713099942766912152833340339  206537746753890332466713099942766912152833340339  3919913030  3919913030  Y
158  562640564128511188711478918003836450268562812969  562640564128511188711478918003836450268562812969  207521203  207521203  Y
159  244085258871455848540644414295584483545914627653  244085258871455848540644414295584483545914627653  3771008582  3771008582  Y
160  1326093679998364004747100419105194353286137352850  1326093679998364004747100419105194353286137352850  1563760281  1563760281  Y
