cohort=82
Each block: sorted ascending by value.
columns: linear_rank  puzzle_n  value

========================================================================
Px
========================================================================
  1  n= 25  2487269563521372588638256629682732896198248350279877738175192749508256023898
  2  n=  8  3951620832557057103848397037937330228967155552456836977045923180329637950740
  3  n=110  4338352488447277069681865763767263000525504203189618609162334752999592040061
  4  n= 32  4419783485594778575869456570338791525369265264676694041444820246718062386793
  5  n= 18  5831721406635063654683117253506846208566679410118154188144422804291796683505
  6  n= 30  5951051142208904686425222322481077221567316087439359378589043642169505163867
  7  n= 53  7086754227407391658152234626386289704606906620229921345536119461826835276617
  8  n= 64  7247729308732252718492345551507130715155957421128527268563563649761751702861
  9  n= 58  7842290535780881515467118634686610054213231290193967407475681065888263921474
 10  n= 67  8199270313230837952220440610769591593514599319024034412022685032436710272885
 11  n= 21  11965836972506588223997128401045962469020054936532040942669396711946779550878
 12  n= 27  11997413897869137388527643229179287173219648582998689290732186100840539639502
 13  n= 68  14417797224727152153976629935434818279260229220775673176904981236836807719451
 14  n= 62  15877604754714859824235961000680666017735583517798512888980505728230641434280
 15  n= 85  18891731271987559180564311775835658084708517714299226869460971567942463645498
 16  n= 39  20565748395003466184666204343636157310765094829742621599321518588759629653315
 17  n=  4  21262057306151627953595685090280431278183829487175876377991189246716355947009
 18  n= 65  21769406468394979245979020739332080729679479243955596515614749275274212371227
 19  n=125  23266937399999944120243183575366069139753606644194491618844068395400303144974
 20  n=  5  24049875635381557237058143631624836741422505207761609709712554171343558302165
 21  n= 47  26267254531086005924446289926216963278177394500745127274874595717966452048278
 22  n= 20  27269999313721489064003814688126459473916071371077568700989584042678664122236
 23  n= 34  27530330645108713416987374469727331790531665526622602610141848066918764259216
 24  n= 22  28427543130978074585626614985345471977959286787477589552057226505098203151171
 25  n= 56  28576446286465130798687394270835338936156158272521290958787272130765482596762
 26  n= 17  28680425603065441115290152280488699295594719576682295038107311098738046478531
 27  n= 59  29468339291227022490967140728449087203757816877061952957844349023051015394437
 28  n=  9  30474780960141219921807662305060768687772753653098971817340717083315339616503
 29  n=115  32939465712855543687621080654651021859979376333843015892822995152318610898773
 30  n= 60  32976901974812130467888454680865813064186458215596336709018932995219129999629
 31  n= 61  33308989973171342073697220435010985741081235541259067848310503357357122078015
 32  n= 54  33903532250825920011423262729318037347523984276123141340942803818961706296726
 33  n= 69  34226794014706530115784623034813193918417475105517896498394700850822182845011
 34  n= 26  35420539632094692837984746081431277047695579008914218444685265805648713712655
 35  n= 66  35681022179418186873973468373280332442853574053612577039287936543695937260509
 36  n= 49  40307801063138778132376559836123589321449883390877564180282544683931835372676
 37  n= 90  41713034111263466851930038147996148669581275117010008356397839417328763635925
 38  n=  3  41948375291644419605210209193538855353224492619856392092318293986323063962044
 39  n= 44  42641850349376588048456683523298482342861890575005255055023690152751482106678
 40  n=130  44886295857190546091508615621464465421050773292389158775895365558788257183826
 41  n= 63  46100860595331327753782525134281403195505409441031099411610412192590360561017
 42  n= 29  49151630029556619633156338398973320854679402706053926415074712059863391894326
 43  n= 24  50051642716414720463187965900760752759743717926024251995580996834432353782028
 44  n= 45  50112622098186670293522308964212376217170487478698098151184560544369839286042
 45  n= 75  51753319958850014318422825155241699590216770953661144053284309216551720208213
 46  n= 52  52813238566474594496574906867435567565233423293475819066208762163447782904999
 47  n=  1  55066263022277343669578718895168534326250603453777594175500187360389116729240
 48  n= 37  56616873331361319339778585167167551785831939866134116855199265267823699497557
 49  n= 80  57023615344285030823290121311389598839835447585845466159247235392572779796956
 50  n= 19  60338245119404298188752055094151291956247541820833238489095541627141964729881
 51  n= 55  60445698216621826856287952149610390835450647855250491824511024996101472713059
 52  n= 31  61451719815341661281682897810187322803922811401468501217986913974289877761320
 53  n= 12  62873230362895154212630786022242768049765907075202803363316800197224716728348
 54  n= 11  62881537490095887219700399231850374465934748632261627566823792868512270937739
 55  n= 51  63515334313235940978997497997309110945131154723579807607384497547958713837455
 56  n= 70  65540419151317157747671900246361345335112119010416684680126380557251106866307
 57  n= 48  65922650075410856534993974163056939852640429077251888193523115047858400845499
 58  n=  7  67990777350807742601404023085488753338978132210207570380931332031538910989091
 59  n= 95  68063097042254603112450010924849517033325884137594647726407681444771642515525
 60  n= 16  71261119111627271268814301300816751730184609798722377831958734823956300761978
 61  n= 40  73698089885969865917178217585365130397293864653143545863290470632977971667156
 62  n= 33  73878352155540948447620718403427774498001293452248256430485902449521386501497
 63  n= 57  74691033661854708945097969794875545130743253282866857528646094060486887766762
 64  n= 43  75172231921983061963707078453586218075235954430194816683547821744757539658477
 65  n= 10  75827354541827746090915769557428734838962266972502112805530189196736906960333
 66  n= 13  77279535011188034078516592160190105278519663645387310740933932046966334391965
 67  n= 41  81119306557295043947776230900539651493257160932663731932698523086255548483211
 68  n= 36  81372929267933625950466299134420767116313809747786657449875828371774815844854
 69  n= 14  81843657467215387495831064399406566332608612828066495589872347702422424340313
 70  n=105  85472652198433121950841823744746716770135193065697857406943610820940839638907
 71  n= 38  87015243271585780626985033128071698022561841908393138262300130220799103430854
 72  n=120  93499419120076195219278579763555015417347613618260420189054155605804414805552
 73  n=100  94996722023597679036042775432142722866975674982521337987691298170952592385559
 74  n= 28  105795941560543818913296116066690952042698430189737497838953392383707833745575
 75  n= 42  108004735110291605052926238280029015934272711127582669764909355573652864904374
 76  n=  6  109846273198995465046214558810696509369395695668678477567979041624391316796720
 77  n= 50  110560903758971929709743161563183868968201998016819862389797221564458485814982
 78  n= 35  111565932824107072002273648098027536630611694584547792392039443258564110295357
 79  n= 23  112242605370855911626219397372182973708357660307191681275644769547017645510731
 80  n=  2  112711660439710606056748659173929673102114977341539408544630613555209775888121
 81  n= 46  114584500658952982261284867257664334263474393257290087756987875227521301436489
 82  n= 15  115179987075229906903259602194857104773352008368264866291918996865985783521068

puzzle_n sequence (small->large Px):
25,8,110,32,18,30,53,64,58,67,21,27,68,62,85,39,4,65,125,5,47,20,34,22,56,17,59,9,115,60,61,54,69,26,66,49,90,3,44,130,63,29,24,45,75,52,1,37,80,19,55,31,12,11,51,70,48,7,95,16,40,33,57,43,10,13,41,36,14,105,38,120,100,28,42,6,50,35,23,2,46,15

========================================================================
Py
========================================================================
  1  n= 54  168743002427289881765681417490337978467882455308235152692948563217619698893
  2  n=110  1327516183598579617836816008839248279861745347961002707181648029680335235001
  3  n= 27  1470943697971973524954639516409046856461552667680474329056749594236581993569
  4  n= 33  1848435387922639343210666794185885301104293211960891296513791058289918232927
  5  n=105  2273491733972386163740165494026048845412452493532013887904800652580241064735
  6  n= 26  3358784347258280833624896144913156994018140069677567813380874750873563501770
  7  n= 28  4504033619411268082483771859364632124471726090349020722551531509720449239959
  8  n= 59  5867199329528628582491486657327247741547599271992614464633076311922995064508
  9  n= 85  6337264155528691980680833078963835238690084422326491171223553853162872183891
 10  n= 55  6650413705544923593404974197957088657590778889830546541291909209606529242729
 11  n= 68  7045521516762001123429259792443693948241323099305435512759425298741909160811
 12  n= 11  13147057280235047456932561657169493651618639731944681771959256397716727593785
 13  n= 42  18403329601810133637568039936681058795765401650711307099623243826143290446421
 14  n=125  19046944643243374794723275227850600835724258179117516648603681200280499231816
 15  n=120  19494200143356336257404688340550956357466777176798681646526975620299854296492
 16  n= 21  20508170458539512907339144104761652653989862605562274795589281214845594026553
 17  n= 13  21187662028949108981404481381270595331275020854904259675645205037069861834225
 18  n=  5  22669890352939653242079781319904043788036611953081321775127194249638113810828
 19  n= 39  24311842649879211620913578563307151382181113982951839068539255115674165497966
 20  n= 38  25209357855024485003220583383100568569907435221588726049011254238934071668031
 21  n=  2  25583027980570883691656905877401976406448868254816295069919888960541586679410
 22  n= 17  25891784853872784916698406928566284655180782352356802345945352320731968056623
 23  n= 62  27676014891220873617147919511945292449354083613136393884603452417089983439557
 24  n= 31  30947091983295757773862695542244568955870624650687256254668336429089021717649
 25  n= 19  31432635976074881250581475377260990518299484384225785790788933914681598133873
 26  n=  1  32670510020758816978083085130507043184471273380659243275938904335757337482424
 27  n= 32  36101104813710326932550768335617430651283103709568167696655528050073806182880
 28  n= 64  36707592335952288811734416422045697926733415491378770888054924918276179427221
 29  n= 58  37223995011863042135269033180096052877832679834151924259363842760832235837987
 30  n= 63  40756680259664337787317293734418135936366600101587916741588241469787632977445
 31  n=  4  41749993296225487051377864631615517161996906063147759678534462689479575333124
 32  n= 48  41869000666969933530739468879784369787478474775480842047778880811132270629206
 33  n= 37  43995996907931450546017529821179402661741047506605583961822715323191270746432
 34  n= 12  44287605905639058437764882210076840571916049925678373415089141948008474303433
 35  n= 80  44489989660955945872089157326859328201485774189878427594519890127683524442731
 36  n= 53  45806165569194256586261502717728099690457099843611552664107027616191159246392
 37  n=115  46560755643746305144975040470607841658328142774650200719470619734417618747604
 38  n=  3  48361766907851246668144012348516735800090617714386977531302791340517493990618
 39  n= 36  49801825835509570606281703408037944345584045565504136549095842398335950992396
 40  n= 57  50520096726607883683128959576900318161316692878968149241991939304173485276380
 41  n= 22  50682816582500312841297567883708830117558309276952202558634043072443816047348
 42  n= 44  53863954730306949225788464513829000943283845993231532239006941853900022216012
 43  n= 14  54485907183099442435241830545487744604431707282385107218140713089194934994051
 44  n= 66  55769436514148338618765508764324988000805241152238207056637568135859289137720
 45  n= 40  55920112788027504860697624221258924004816541552996850637631037640326076931751
 46  n= 51  58372837009371438499600708449369979083506963697147052846447906363256905894908
 47  n= 16  59596021694081902311438976720015207351957060174440251698640379092733344351048
 48  n=100  61213091224897107699092739640017491283561943079669346364651076989993654499173
 49  n=  9  61319752531495161980867220483083814171916864550579329528527835522023988931626
 50  n= 20  61518159794260916008520957000838288631389138584881336375456078921081169337009
 51  n= 18  61770026510604113021686089777374557608174938587526483912023179154647723408296
 52  n= 35  65073319313695146178520529869101114308349376191091055110226007524833442301678
 53  n= 23  68390115887979834732633364824402183781075100352900279452463611034517340924735
 54  n= 41  69833235478127881789123626297864036834549011744885041054439092651501655231589
 55  n= 75  70145941657091582687860683718295708577963266312639151937200559702470585069731
 56  n= 95  71312491678750984954701657627055428744583136893281915291066395899455670806806
 57  n= 46  72377802498278766546639322951454786203104057764824801286631323494589545738903
 58  n= 90  76118228033078757471841976306410062476790021765122360602050786936435027981363
 59  n= 45  77166245647879752064031295604889546052840057843077005375531342667030458077622
 60  n=130  79820197542983972470655013754473404410649480536210503962616926227235987362275
 61  n= 30  79964921717795829095410138525196146121807237625496125940956045028689169447181
 62  n= 25  83166736743316151169117427554752633507423263386878521247276704816202397537877
 63  n= 49  84487168443727713049778009853790282775917750548090902002744386003675529530292
 64  n=  7  85792528080009126161701413187313528408286619337671538805045464108358228475888
 65  n= 47  87001101956910744728114859046409945791202748241449154110581074788749206277690
 66  n= 43  89836151575228064517341400809867031783033609174401477513286549833346046540900
 67  n= 15  90040672269639781867601170828097460642155183514693739441068299505511569496110
 68  n= 34  90457806451997906746295114102505195833866791735127929013755472762572742813627
 69  n= 60  94344309747317421167124060163550008068954848013402657284162153757492808086031
 70  n= 69  95344118026279051459253088692659149181807495503617143902697063322064304017214
 71  n=  8  95473263819178136898129622939316779429655166328021079992747693728567241822551
 72  n= 61  95725642944317286839874181564660753559887752233498128945789602194633150111324
 73  n= 24  95977329040668870486165415718601595529707258475317259821694622043699258647209
 74  n= 10  96570036462163023759491147881411408314153451204876534252590428078766327205003
 75  n= 70  97334935826427332895556897785451550753483104566423636378820548368192638516448
 76  n= 52  98011757932358350962613998289386682535741825041444942664745561971592823444973
 77  n= 56  101338706018188911277721114497155019368847601339832684197459624859833147765647
 78  n=  6  101711840700253487202274292900077312932162220876743713596510869779955653950519
 79  n= 65  102907830890434238525231690377346540046672568029169549965500018466490455252476
 80  n= 50  106403041512432555215316396882584033752066537554388330180776939978150437217531
 81  n= 67  108680892268991160269437367347039106826837182347366220564480894908240312674034
 82  n= 29  111171837080378547467348261794472043463254055018894513032574226962726028294900

puzzle_n sequence (small->large Py):
54,110,27,33,105,26,28,59,85,55,68,11,42,125,120,21,13,5,39,38,2,17,62,31,19,1,32,64,58,63,4,48,37,12,80,53,115,3,36,57,22,44,14,66,40,51,16,100,9,20,18,35,23,41,75,95,46,90,45,130,30,25,49,7,47,43,15,34,60,69,8,61,24,10,70,52,56,6,65,50,67,29

========================================================================
Pmy
========================================================================
  1  n= 29  4620252156937647956222723214215864390015929646746051006883357045182806376763
  2  n= 67  7111196968325035154133617661648801026432802318274343474976689099668521997629
  3  n= 50  9389047724883640208254588126103874101203447111252233858680644029758397454132
  4  n= 65  12884258346881956898339294631341367806597416636471014073957565541418379419187
  5  n=  6  14080248537062708221296692108610594921107763788896850442946714227953180721144
  6  n= 56  14453383219127284145849870511532888484422383325807879841997959148075686906016
  7  n= 52  17780331304957844460956986719301225317528159624195621374712022036316011226690
  8  n= 70  18457153410888862528014087223236357099786880099216927660637035639716196155215
  9  n= 10  19222052775153171664079837127276499539116533460764029786867155929142507466660
 10  n= 24  19814760196647324937405569290086312323562726190323304217762961964209576024454
 11  n= 61  20066446292998908583696803444027154293382232432142435093667981813275684560339
 12  n=  8  20318825418138058525441362069371128423614818337619484046709890279341592849112
 13  n= 69  20447971211037143964317896316028758671462489162023420136760520685844530654449
 14  n= 60  21447779489998774256446924845137899784315136652237906755295430250416026585632
 15  n= 34  25334282785318288677275870906182712019403192930512635025702111245336091858036
 16  n= 15  25751416967676413555969814180590447211114801150946824598389284502397265175553
 17  n= 43  25955937662088130906229584198820876070236375491239086526171034174562788130763
 18  n= 47  28790987280405450695456125962277962062067236424191409928876509219159628393973
 19  n=  7  29999561157307069261869571821374379444983365327969025234412119899550606195775
 20  n= 49  31304920793588482373792975154897625077352234117549662036713198004233305141371
 21  n= 25  32625352494000044254453557453935274345846721278762042792180879191706437133786
 22  n= 30  35827167519520366328160846483491761731462747040144438098501538979219665224482
 23  n=130  35971891694332222952915971254214503442620504129430060076840657780672847309388
 24  n= 45  38625843589436443359539689403798361800429926822563558663926241340878376594041
 25  n= 90  39673861204237437951729008702277845376479962900518203437406797071473806690300
 26  n= 46  43414286739037428876931662057233121650165926900815762752826260513319288932760
 27  n= 95  44479597558565210468869327381632479108686847772358648748391188108453163864857
 28  n= 75  45646147580224612735710301290392199275306718353001412102257024305438249601932
 29  n= 41  45958853759188313634447358710823871018720972920755522985018491356407179440074
 30  n= 23  47401973349336360690937620184285724072194884312740284586993972973391493746928
 31  n= 35  50718769923621049245050455139586793544920608474549508929231576483075392369985
 32  n= 18  54022062726712082401884895231313350245095046078114080127434404853261111263367
 33  n= 20  54273929443055279415050028007849619221880846080759227664001505086827665334654
 34  n=  9  54472336705821033442703764525604093681353120115061234510929748485884845740037
 35  n=100  54578998012419087724478245368670416569708041585971217674806507017915180172490
 36  n= 16  56196067543234293112132008288672700501312924491200312340817204915175490320615
 37  n= 51  57419252227944756923970276559317928769763020968493511193009677644651928776755
 38  n= 40  59871976449288690562873360787428983848453443112643713401826546367582757739912
 39  n= 66  60022652723167856804805476244362919852464743513402356982820015872049545533943
 40  n= 14  61306182054216752988329154463200163248838277383255456821316870918713899677612
 41  n= 44  61928134507009246197782520494858906909986138672409031800450642154008812455651
 42  n= 22  65109272654815882582273417124979077735711675388688361480823540935465018624315
 43  n= 57  65271992510708311740442025431787589691953291786672414797465644703735349395283
 44  n= 36  65990263401806624817289281600649963507685939100136427490361741609572883679267
 45  n=  3  67430322329464948755426972660171172053179366951253586508154792667391340681045
 46  n=115  69231333593569890278595944538080066194941841890990363319986964273491215924059
 47  n= 53  69985923668121938837309482290959808162812884822029011375350556391717675425271
 48  n= 80  71302099576360249551481827681828579651784210475762136444937693880225310228932
 49  n= 12  71504483331677136985806102798611067281353934739962190624368442059900360368230
 50  n= 37  71796092329384744877553455187508505191528937159034980077634868684717563925231
 51  n= 48  73923088570346261892831516128903538065791509890159721991678703196776564042457
 52  n=  4  74042095941090708372193120377072390691273078602492804360923121318429259338539
 53  n= 63  75035408977651857636253691274269771916903384564052647297869342538121201694218
 54  n= 58  78568094225453153288301951828591854975437304831488639780093741247076598833676
 55  n= 64  79084496901363906611836568586642209926536569174261793151402659089632655244442
 56  n= 32  79690984423605868491020216673070477201986880956072396342802055957835028488783
 57  n=  1  83121579216557378445487899878180864668798711284981320763518679672151497189239
 58  n= 19  84359453261241314172989509631426917334970500281414778248668650093227236537790
 59  n= 31  84844997254020437649708289466443338897399360014953307784789247578819812954014
 60  n= 62  88116074346095321806423065496742615403915901052504170154854131590818851232106
 61  n= 17  89900304383443410506872578080121623198089202313283761693512231687176866615040
 62  n=  2  90209061256745311731914079131285931446821116410824268969537695047367247992253
 63  n= 38  90582731382291710420350401625587339283362549444051837990446329768974763003632
 64  n= 39  91480246587436983802657406445380756471088870682688724970918328892234669173697
 65  n=  5  93122198884376542181491203688783864065233372712559242264330389758270720860835
 66  n= 13  94604427208367086442166503627417312521994963810736304363812378970838972837438
 67  n= 21  95283918778776682516231840903926255199280122060078289243868302793063240645110
 68  n=120  96297889093959859166166296668136951495803207488841882392930608387608980375171
 69  n=125  96745144594072820628847709780837307017545726486523047390853902807628335439847
 70  n= 42  97388759635506061786002945072006849057504583014929256939834340181765544225242
 71  n= 11  102645031957081147966638423351518414201651344933695882267498327610192107077878
 72  n= 68  108746567720554194300141725216244213905028661566335128526698158709166925510852
 73  n= 55  109141675531771271830166010810730819195679205775810017498165674798302305428934
 74  n= 85  109454825081787503442890151929724072614579900243314072868234030154745962487772
 75  n= 59  109924889907787566841079498351360660111722385393647949574824507695985839607155
 76  n= 28  111288055617904927341087213149323275728798258575291543316906052498188385431704
 77  n= 26  112433304890057914589946088863774750859251844595962996226076709257035271169893
 78  n=105  113518597503343809259830819514661859007857532172108550151552783355328593606928
 79  n= 33  113943653849393556080360318214502022552165691453679672742943792949618916438736
 80  n= 27  114321145539344221898616345492278860996808431997960089710400834413672252678094
 81  n=110  114464573053717615805734168999848659573408239317679561332275935978228499436662
 82  n= 54  115623346234888905541805303591197569874802102210332328886764635444691214972770

puzzle_n sequence (small->large Pmy):
29,67,50,65,6,56,52,70,10,24,61,8,69,60,34,15,43,47,7,49,25,30,130,45,90,46,95,75,41,23,35,18,20,9,100,16,51,40,66,14,44,22,57,36,3,115,53,80,12,37,48,4,63,58,64,32,1,19,31,62,17,2,38,39,5,13,21,120,125,42,11,68,55,85,59,28,26,105,33,27,110,54

========================================================================
r
========================================================================
  1  n= 23  96400037579702318810172272230268295122040207875080160735605252651452673767
  2  n= 90  3876606736351484197178276942667344233392049960579424672871842357931866009142
  3  n=  9  5559953256992725815341410818909107381383680633465975979594294109073735401585
  4  n= 85  5884388584556219000515620185483041965164409667476026949531691580816851313703
  5  n= 18  6223860624739475813247312305973718553379765106397131060302765629128471163024
  6  n= 69  6466597107908714357509876949691573847437549487026818091297903085796171493041
  7  n= 22  6806273011263679010070950372021540532844522730744923605409310184145446173231
  8  n= 34  6953416648464794074118754030255817254747739042707659026785169035057842379780
  9  n= 11  7957402028578889235451482428216975050545679940074951184649845225492544849553
 10  n=125  10222482769097928325193304706188457765059513510266959681898980920850747718500
 11  n=  1  10432613526877363432431953968135131954590028707088935820732256401493293618799
 12  n= 25  10473819287466813962813985003697261958725439586373323381158568779047942202439
 13  n= 75  11854882978841562792763859066790210491315584751357086557575573883113872327981
 14  n= 54  12171189726291686375975486690681257517515303482946697492183029795826005271429
 15  n=105  13814669764714274317865076481384681017893846816039853919137154349291382848826
 16  n= 12  14758116557203143667071864323157111034747020688793182770455818529881100513664
 17  n= 19  15261636389238671717926124946702769302921419433504700689627843589965540981239
 18  n= 20  18348912609891454143152069084168010051016522930191825943682526112257716462707
 19  n=110  20312125620252617190628581189119353303634619175788989653674318123623043938400
 20  n= 66  21611345829864992050918386511095623127602665419169879588858422423950397102877
 21  n= 58  22455929103186796868055009162526575182569363604039288553272083549627646058352
 22  n= 70  24627365656438972145393936536795964759272605064365570793839174424201050735294
 23  n= 26  24853539228389162406032548187869119342710650531248078484057761373512410890300
 24  n= 44  26526166816186581205098106218759621629137113456495323493311895415673780697961
 25  n= 50  26870790993029001315632194678440227931718448579958513834807873844434638875384
 26  n= 36  28709279921756011269648123220807463250997192316318856510671518035148825087078
 27  n= 43  28746935538805551708562662077116627010175606201594629308246654629387943558019
 28  n= 64  29465577498301892874447356809108459800376646931005103525173469312064833411057
 29  n= 35  31054071154167548300445220052892226764092653524999323498771214390573616534237
 30  n=  6  35734417568903649086989382194223683652646692128674615863117089683448727412045
 31  n=  3  36033922168954998642396934714045532882676417314185147580816231919000636523978
 32  n= 68  37217071486813262913153181937536388884289494620739648597455505591944729440121
 33  n= 17  37641357176563776648269658499698912597651389810483268517287682106422004154261
 34  n=100  37759700453772171425875284734163132354478735622287088080897893572845551517660
 35  n= 65  38571837537771275682405400478659065359665908806948704067279387640681528733962
 36  n=  8  38895803766067221216613484013357219244055087268683834403424601042021539839703
 37  n=  2  39641668997020200429758478738657078973416734677473442226277178491190842541896
 38  n= 61  39959901399619174193589302373941904001183936186275195097402342152945223353267
 39  n= 31  40360189735098567858998013256279597550176100826734437376568222350568678502856
 40  n= 56  42123113505281327494176028548992726324334985130965735220192877486593458227507
 41  n= 67  42674808748448929497441495442295531455232189496099378077379461486020378087690
 42  n= 52  43190043884035483249486433601451750504649413825031893526796642483813469804946
 43  n= 21  44922003841103105363191808169411107358915490111461746128573957486928296469632
 44  n= 53  47111232035022588697826681308443336707998872298277602285675551807258620023971
 45  n= 39  48246638800728148999201715637266127826441730456877178008566636972123435865007
 46  n=  5  48395073198564305363320968604006626792869339957192013129457956314160537163424
 47  n= 62  49376211189775059286024960431061058262960485822611734246184446075025810245352
 48  n= 49  49982720809199236865198691260973150495162161961086134610375310742962621767961
 49  n= 41  56364659391567100333235944887345160978724171108872628278872827991090551104573
 50  n= 80  59295000679112419172728511487808668839398308086881521187970922295287890353472
 51  n= 24  60354729358402032109895447320999639211324596131983864413088700743018068775710
 52  n= 59  64668481482017095289541883226154372545147401307344154202161512124421413331516
 53  n=115  69005281318876480428014233914600838808635783608380772874862410002690533880818
 54  n= 10  70980686248908078685327183153489183861533599641032230826734816546504908587909
 55  n=130  72274651708743733438338923645493693794033395534377885099670490208669285148032
 56  n=120  73510839094214084184271166420450064382033414643777332160226424786083490644490
 57  n= 48  73517671947490423566837390416425579118384580030692930249441502177158447988586
 58  n= 16  77328696697827657741506212766470184884329035443497635709688932020669061808688
 59  n= 15  80828301301859185268926374487193984114629009292629098623594363022749446484788
 60  n=  4  81719680914257392976814190366479079199424929162928882027166082648473305202690
 61  n= 37  82656890842633878606131590778946823932208873696033537239870294257846480471101
 62  n= 46  82758810787447725812342160336617787075773711683028733244700283929033008925273
 63  n= 33  83317792308128879621005366117908081533762916115753362165175250191836850817572
 64  n= 30  83393334462500148069955485813270984295850914545351819446174880549738732827400
 65  n= 47  86047438264203450523112272711058868780909662183599208045560096220385630271189
 66  n= 27  87448165153517620566221688428222216006033706501655154615448618991715641015096
 67  n=  7  88766593257285807869272031906434371360037348660523351971529391117947056431080
 68  n= 14  89158240043566593051591816711706771675776477737427265394887330269327481907660
 69  n= 45  93250612689089472265043720117432621105281393082529779482098812621138937598398
 70  n= 29  95863179734972175095309469403338952685657219122121681051473644268009295256535
 71  n= 55  96412420722593465640533032537926641797680874621945556527546707418185461602852
 72  n= 40  97653031127733207558752226139736245550084832706802830187036594769038137167199
 73  n= 63  98721349004421898102810501443537099641204707176252354700953066851320353529177
 74  n= 60  100916741992770228002307611709350034211173348618223707825484420321142064539342
 75  n= 95  100960500975834004428498883887629699249159171507568549653152075102705685907850
 76  n= 28  102456622917063037915818292633044018516526663615571399512386734077952185614583
 77  n= 32  103440767592969569805764371499037494781173905539154141657733971924393145957271
 78  n= 42  105438793521448815333989145674060407458150720706617447611142564798957713950142
 79  n= 57  107954559459707513272013493708346140017604360603014471073489088660236163538652
 80  n= 51  109932121561688055794798063166222353923878385468511432129153093871112285021395
 81  n= 13  111112335135945954602563662286549012185758072668841410075428335135935750960035
 82  n= 38  114653392396741616405498061400529381717466885796401007408558974054179769306230

puzzle_n sequence (small->large r):
23,90,9,85,18,69,22,34,11,125,1,25,75,54,105,12,19,20,110,66,58,70,26,44,50,36,43,64,35,6,3,68,17,100,65,8,2,61,31,56,67,52,21,53,39,5,62,49,41,80,24,59,115,10,130,120,48,16,15,4,37,46,33,30,47,27,7,14,45,29,55,40,63,60,95,28,32,42,57,51,13,38

========================================================================
s
========================================================================
  1  n=  6  610834535854703359651178011186068005231472389190330319589476518687129965605
  2  n= 30  780073360283552801246125196542970305335657205219922080396990631883961765203
  3  n= 39  5318909009479895158552156332337245769166387668552061525780613390113026222261
  4  n=  8  6966696036697703611872434978165500549292929354066344742107571568131922606386
  5  n=115  7579839113822506767959076721619428913967936976082942186464998787852593841818
  6  n= 69  8619692059496816935974466598772731979755945595268263534438604506436965695196
  7  n= 63  9315422352879153067624339150774600954347171923698756403071109269299671449557
  8  n=  7  9322106992035102879135399198935471517312480572852046969272153240755838405632
  9  n= 22  9362938471786237040685521429277736334939852171009992495593847190919459972479
 10  n= 59  9428876257743274018361410145309474044361480373651368046968751384552766472392
 11  n= 61  9961318930763977344135804058484676923072794946852730903054018064048145177397
 12  n= 68  10203656416775410160339576985914252370868610675357831488356843114385093808812
 13  n= 48  10530477555167755041768605171296422020305763411084676746446914027819926518724
 14  n=120  10976594294804291513495419880246258022106887857042165878188703008731415727960
 15  n= 33  11792888275466351688511086481600527956584781909565558307143426424570846023738
 16  n=  3  12389004682791058150207000065005331243812510650606936715239865212278441724251
 17  n=130  14191229409092100726003159092160662958229375891079344693646580391359224435843
 18  n= 24  14690779756545404163804715288142928456255594959435025324966976606328914042296
 19  n= 66  15529901188014462119516641710327571314526460213122107697540607906758273757901
 20  n= 34  15641493834518374231038042001759561078178106663010851477815029150892682141156
 21  n= 43  15647150665953704662350414014113594095699294722175808013059011876567512359285
 22  n= 55  15693524328710832175369845069265857618757717944197140898347649095096468613527
 23  n= 42  16683565386098114183508424094829901479697578857692977143408501957802282108249
 24  n= 80  19216273682850637628769399740789553956511070913142748993234289833204696593108
 25  n= 20  19626643036225868664291510796315011509856990306965843732824509942114516349948
 26  n= 58  20304432904732913857207053496100890086424205322009415504617094092542172078288
 27  n= 13  21334155634132398516241607893133627108291723292133309711412313066318908007289
 28  n=105  21440110428891090031540112319571154805166824374154670743070875319491083094431
 29  n=  5  22078949034186379494818867612980518423666667041582454703550520815507989938740
 30  n= 37  22461187694442618900980421694713942297300295526406517074336994246005450401871
 31  n= 12  23125557676187295284971360670072280080557147927596983727956099011086968200641
 32  n=110  23142018875421668674805744145115366215102447136300717062570926532185873127405
 33  n= 51  24252762266961680347710323389709810666787157563036836450476171332161265770127
 34  n= 40  24337517223686299831138066645649586865279007018880487193792301900857366512850
 35  n= 10  24874493422724600963014213776711322526938132905198045543258857007994567849313
 36  n= 47  24963154212906725799991681238829022232933582226253071304554448612253106543117
 37  n= 50  24968303211721933110128332056558504915584150221225817835716440280272149345632
 38  n= 95  25852664936062751983834039173915388728252212205358926745596855953611289011918
 39  n= 70  26200510735112389683832216171636129003762444885804643612627873572846193488652
 40  n= 65  28306015920135846449753334641126361578806400603471472874229623318111830665613
 41  n= 75  28456534728803220962901898331089708785149605465540862583963590408002364357828
 42  n= 27  29560268960222360830969520444858187218711867321415533471948460706701776094032
 43  n= 26  30957237357802419889715668907522091800993459496797487641379353082669285540058
 44  n=  9  31036779035396389852727556353925779275816209952349824253120236473478926273798
 45  n= 31  31883243464606713062609853403229355484189527632635017714230549297770992790912
 46  n= 16  32322526735325002156370446510125958977310249396671539294644588247615411593489
 47  n= 23  32634859632536744790102832400520698632099658778886269286074803246399953916419
 48  n= 52  35645228255255400003882911647051451220803549985641483338846593516540269808345
 49  n= 19  36005384517878697153826204359524912003572650424994042186260337735078324298494
 50  n=100  36052251626993798017815766153534944915943439897760245044831167743098700721420
 51  n= 45  36208122678810685755104069787124293662399778330924384768717383679357108613897
 52  n= 14  36337024480779215661421345974003752926442080860316647369680595377963867804795
 53  n= 32  38191811786827839545895267191934300106019515382792894918840577548364331116821
 54  n= 29  38504771864206275240921954788538326261880442292937609113110095203189837210361
 55  n= 49  39237704011827048236383940861733169653425454227497735090252058593547179705885
 56  n= 53  40354496981071120592851530051048731684915804776018919442385044768932844831819
 57  n= 57  40473224352338400700954021970683920436783047970158036117366532214198329217853
 58  n=  2  40843310415722312397111702337835502775911585069833619710507378970032701663180
 59  n= 44  43639597448510372820107660555712540701561765123505564988141065497741267245340
 60  n= 38  46350125549776733727816090369764981013028714512048097516595894574355117491167
 61  n= 60  46541633015215682486181743631423644896517836456806074791541198986993125745605
 62  n= 56  47608216067294371352914554574916025662829567623311450383888709368455004040248
 63  n= 64  47618743726334154527915595950534330125388113258327874109212653681549235104737
 64  n=  4  48285960684144183851432312852448314123839041552886325699662719466225652891693
 65  n= 28  49521181532611414447804422541984240859433800494951902051056404242352923623930
 66  n=125  49617208925115337899450496039618928207287792663597490151588320206246029460971
 67  n= 62  50070425599676330306027522496299428729711951927197619251306468275619714031245
 68  n= 21  50075457783022833096337871685240862057230420905059763201189513279272192313294
 69  n= 54  50495885557781061987608397256584933629056809423127502580116919247401085359929
 70  n= 67  50560729501172865454917937028609469342861075999191637755692336441424305940275
 71  n= 41  50871943373906313585911789917409418255300029235068581604077361612150025919837
 72  n= 25  51187377835802008268244856535742717031891430166692141665747198641690102113113
 73  n= 46  51711326545673025574427458551375243133856212205675783566184163394411856911203
 74  n= 90  52431546502376253119483916864341410026854900577124289910502232283789686470604
 75  n= 85  53562576654151067358092959472985276791830609125667713991448892399456341632231
 76  n=  1  53838611629141934132508112112095976415603258045912231068386825495345712767215
 77  n= 15  59381629445803601319890472352620818550301835871134372900866512547936444007303
 78  n= 11  70267442680423063594222711835344289140098069726952324097508499762202675709516
 79  n= 18  74559856326655904298717148371261271642988638154573884231550295410204247681492
 80  n= 35  76132024438469525865629465066521257603165654323733396158460699287888874404598
 81  n= 36  77591814929715817780163907476910496981808743058792303250254617041454523305668
 82  n= 17  107419964658696562571327622300484818515327071633029688632397979668044708422625

puzzle_n sequence (small->large s):
6,30,39,8,115,69,63,7,22,59,61,68,48,120,33,3,130,24,66,34,43,55,42,80,20,58,13,105,5,37,12,110,51,40,10,47,50,95,70,65,75,27,26,9,31,16,23,52,19,100,45,14,32,29,49,53,57,2,44,38,60,56,64,4,28,125,62,21,54,67,41,25,46,90,85,1,15,11,18,35,36,17

========================================================================
z
========================================================================
  1  n=115  644525012636128446756715515451698265660038112331971390645697441252332961643
  2  n=110  2466016299273818255220546015593489947360101204030960519997102758026128174615
  3  n=  9  3509405797705064402227656270461710032898180936270195030079035765862177290928
  4  n= 67  4024284905828906000385295780236448261289109902533325751560092357512114338032
  5  n= 43  5350804738526490973130528468300571462718107828730110507809737367188558946434
  6  n= 53  6283545708468618579919441362002548925882283467779658175751141453435613040490
  7  n= 27  8874964626682263028864267149777324353240450254380786016587219364584867791430
  8  n=  7  10042653713903670780376663601754538074851657618494896283759920590720077315696
  9  n= 49  13065715013180304389443010150262430197536523554182699675374835424703901509025
 10  n=100  13084180278286950250006070254136564173534818434119738164336492739469527563394
 11  n= 63  13541560391406519522936400815323614194472420812256787708424031360852105286082
 12  n= 50  15039583780417523110872588164849600091875281224224741420837905432843684759369
 13  n= 11  16256970381550158921583791373210565798676508110248128340852128848486175046510
 14  n= 47  20480715834172298382049460892993303090322609773048905927822882670869887252849
 15  n= 68  20608849308940218703676205712791848666125064605334611721078592812261283716736
 16  n= 59  21645992391032339686671509578213486310275669505355135739632970696387698075605
 17  n= 65  23325967632205530350723452915435468434319767295147191670839623052017076896418
 18  n=  6  23700114295368997443264475320873775288844096389254497479075345986388446382291
 19  n=  5  27848747062597168260950308612862619518415241149936002666914044417053068596417
 20  n= 28  28084205253839315673068471488467256607026985558938826682380939680190930164901
 21  n= 20  28988951652439155647354568426568276136894252184267827003516608351880625573031
 22  n= 34  29462489534270593003837583479063683168264576420170703541589635582282599874430
 23  n= 10  29537305981715106777614958095221949066182048398174399790853208845026665936199
 24  n= 80  30171167288004337347650530360943189648004420567973441948383820162852921752025
 25  n= 39  32498128722277446247013069130559971279513820711252517759418660749795472101432
 26  n= 29  32584707727039298695279250943347669216882629540923002184506998661049554135027
 27  n= 15  33512811135967697995179260116753871259259581353979980772250712714924494897192
 28  n= 85  33927723107982376615200323603743298273662097825624521097312868473083300866208
 29  n= 13  34809637658677994994294389698313844298009238832519953566368525781583834951705
 30  n= 66  35452292157593008896231559417881473990389174340085031186003766200538463285349
 31  n= 30  38134794463284674719239579591313386383200425429424880558848853182312315179213
 32  n= 55  38499662019177780149954078057832460876312952779721962022567121078119453024346
 33  n= 42  40397381687895802020403804530343719745229069255027877667919319204017101383291
 34  n= 54  41050710617363191772280133159887103185556931841188986518768758908379047298843
 35  n= 24  41063622022721311516932648090225763782603576699149535965518170031938048165836
 36  n=125  42619854229578519106141904023474915519277874599090068181349512397246176079536
 37  n= 56  44702088458034431483562750875608847001483326873789008917060082756234059530109
 38  n= 37  45751483702938067788757358045579004721583658877009388554902039739243429370133
 39  n= 95  48970101196989469452438766087611446681388051700441341957250350979010783935375
 40  n= 14  49303764465960848451948175907974525936992862979696878806310126128208644080852
 41  n= 17  51208347544584459327940529970716024849289207560192420200295752549982368925345
 42  n= 46  51353087520524176770385848472908656661067608555314652223026513874408679483095
 43  n= 57  52437798559524891765865941458083204461325959668083756859315185302063129787272
 44  n= 32  53921396366919818976234634878747568891652087052066374327867258702568850543533
 45  n=120  57033488418143403036276105049800667624117951758937049013745927841702009220581
 46  n= 16  60228512618196036048030296526714000837757745323573161887033875778366047833544
 47  n= 51  61364306214979073504110505951623539396494658578651004561039837499023737494101
 48  n= 38  62042216503578372684311925004789923054079071388334701935275227600637754141304
 49  n=130  64049590915739661480381651509507505465187476567100753801866935483705754146766
 50  n= 44  64737915526243375617713941170501178088404429687033032625492755908250738178790
 51  n= 35  65204577618941322599946795980338961479034511759370282466090068337916143273558
 52  n= 69  67834865998023313459897347518642606712311691885931412871335132595787562976350
 53  n= 25  68249580175599883060599305268981742683157155980974266791721042548536281423829
 54  n= 23  70089053313560906711575993528795630031409965782321861408304685707218335221422
 55  n=105  70696117929648829857814455047359468514045583984522009588226761637900369910552
 56  n=  2  73951774784711041756344107340096161242141855163685503186937601045185491557024
 57  n= 40  75974737837598005136774250057191984032693441380068644350782116546254929006117
 58  n= 60  76988518295090767836827892232749650050518135618473760180120105004486345368428
 59  n= 31  78439780762199561826939124280152761501606335863790945949894905948454903053141
 60  n=  8  79349338114596038267972704351471130662181424323959428600143702279256865464674
 61  n= 33  79452763189152799627141287923607318821919520016616155119891422884225899397454
 62  n= 90  83054457679830224142797016615775843601275424785309083594509586824152735308817
 63  n= 18  85835447934143376404393325121921660442734284200170143715336648090777223360191
 64  n=  4  89101908345684064845598335041201920626347105890197653752305951317988621430326
 65  n= 41  92064412759765362011131421587355832427760732546024611651525384763896040082799
 66  n= 62  93938929966336102195648685355421625235090316825775747412861875707040939011045
 67  n= 22  93980993434328715163440197255136417403062100148055319696340039225178351488463
 68  n= 52  94086156922229087691247988340369685816293560037881702705363044814942762504041
 69  n=  3  94398736962125645703934140234054830121152789498769621330826624152194729058924
 70  n= 26  94792976796181024871327635701035761505597215590062460368797255865837606047472
 71  n=  1  95107237896770882776316056586998538965183193158565418843911838569150246927764
 72  n= 58  95867453829217306095393867959158979671810325435493108364025826587893695452592
 73  n= 21  99123416046585963068196520460022511296786805456541195356439009525245864174448
 74  n= 19  100370248350698207789130464348246737633754243328317808140343602194091852544839
 75  n= 48  100918065466384169035856094752832579640943351367070672657665694074542333711241
 76  n= 61  102176452849074515908236450811638997701350908868181138892588678706176696631971
 77  n= 64  104745358596692322851268341031400905310221967816025199292279315228309943320238
 78  n= 12  108261429079981160717699019564066126005865536169015946870817754183743504613031
 79  n= 36  110528062423062224528734273441269761992284439952937848974138220134621442459564
 80  n= 75  112420279179931807575717438914868224731049351488304870533800298370079819715655
 81  n= 45  113609565913219949494550574496035835767352946197288695256278800066569272976190
 82  n= 70  113643144646429498255649367785277631114979471735164064919581854761642688719921

puzzle_n sequence (small->large z):
115,110,9,67,43,53,27,7,49,100,63,50,11,47,68,59,65,6,5,28,20,34,10,80,39,29,15,85,13,66,30,55,42,54,24,125,56,37,95,14,17,46,57,32,120,16,51,38,130,44,35,69,25,23,105,2,40,60,31,8,33,90,18,4,41,62,22,52,3,26,1,58,21,19,48,61,64,12,36,75,45,70

========================================================================
Ry
========================================================================
  1  n= 60  535779616389040760510653954704651913788081519570765342203466459695900003395
  2  n= 55  1774730119437191654638674340735825447554009459605627088131321453082112542442
  3  n= 54  2451938344427527464512926636380498936306195231560120393721840614625164253154
  4  n= 68  2478461238499135144509093499961586139995337594123702018234758527752628969327
  5  n= 49  2898793040147029548497272214917309622791530823516919477641016563351633377383
  6  n= 52  5418780514851832288783250670976678393791317405066364069278588588259059842688
  7  n= 40  7137105482588534759071661337750161783356101840159295830880069079429442193695
  8  n= 17  8200676899057626512897874479612385699744369149768131347844534091680904523522
  9  n= 21  10278594094818608871081789571497028036537736561169420585011795485524808873501
 10  n= 63  12242581800820837806569706485575036634444172277955285250529596185626361911976
 11  n= 31  13487132434966198524116735592505128050332086809506200414661145774159938539180
 12  n= 13  14329472780338884747488519490839300872068163335760843411111340590098776980742
 13  n=  4  16676367262302969673045816106034197289694272375169031126251677730837453417951
 14  n= 53  18347862331554847546524004157226914910658610081051133360265880659737440058114
 15  n= 47  20160542233474353359341531747891768524609940696523302712993609858767240821120
 16  n= 15  21060925027475131893659920160282353289546820631896154730200916692232858566276
 17  n= 46  26784652995550433554270776960498577191110866012168965239693718436138245511383
 18  n=  9  27321320412892830808638563739923850113090221151629719270236687785906067248513
 19  n= 33  27563362949985515139152178432492842850960684166566172176340398680851990226736
 20  n= 20  28492807452190154209189934465961688863429762872501734907751449253474169719395
 21  n= 95  32871844791829624438212172311234890309154550474447532410430473366335793122451
 22  n= 66  32873546067473890904708006513126856084769668869084616595599227812159209811126
 23  n= 80  33985188998413771084808383809956208314546486373515578811126150200158456978974
 24  n=105  34987624107994540911737384550477945297619956540105346063961463289095159587516
 25  n= 34  37194146130550119988426867389588453337713347933650736850298339534185810801786
 26  n=  8  41321691950661909799356434915990307666007009731900539437882899747995083274757
 27  n= 29  42632013870733299181132049910021893897540302535480859269085120713569209478732
 28  n=  5  43417989052916266824629325184219454301841223216334453147583084057085567348730
 29  n= 56  46776690127387711510454110261397929508257035433099015557995532909793559848234
 30  n= 45  49717479225968448457838486430313560024359307812147040685895010468995801668400
 31  n= 64  49838486974675390281215489820424285243717399384766172792158553353167256388895
 32  n= 19  50895531583510290260519750759456140750505200622104879072490941043801484165829
 33  n=  3  50978004208141938323223661706614754895188462698633686998732324531596928257986
 34  n=120  51160218951422174722105504080546495699018048325832247026067874942869455310000
 35  n= 75  52640009758059403458816268680472558591107123841502127380638959355107155768413
 36  n= 12  53001721447563096044749488054248630144731966902885528988035235639856520768169
 37  n= 41  54250378835718283068157022080354447323866482702038108387926958185467058503062
 38  n= 61  55522982957242259055178348167889022136490446806550095672932372561249764483600
 39  n= 90  55671950451579601748464585459659896445777942919666538354621558138307701401436
 40  n= 25  57952843850042319027826502416591527247682056513176020717733181534255580048495
 41  n= 67  59767634448563383668757481918748103863435914384087300078371313672346389350131
 42  n= 58  62900460279260482369205667500059668850504680157255034440333991767728878157166
 43  n= 51  65708614355571555707334482831492112954085265904666893936146191098486718654128
 44  n= 22  67531904670634753143498760445337218677693308934102936857395620431614142175461
 45  n=130  67699132262212600353395037514705091352766141717994050718791117960531940545531
 46  n= 43  68296314832187121162058148199067455079292509456400144131200887512929802703596
 47  n=115  70340950788213721176361568086222922627168108493202751158849268629715808623994
 48  n= 37  70949053435627873825158358433058799045375117124992635515774646385504744752668
 49  n= 11  72171258725044636817946304179505092213627061777811183657733476883406080139296
 50  n= 30  73983106775193555457440313314881264022700118474658006305973188199694133832869
 51  n= 10  74580633122309628502755411319416653907181254512448453308581320448328485302338
 52  n=  7  75148969221388965909179586729811441172417718313098466702917303984521742923510
 53  n= 39  75834094230957452798699829410522190214276401538190726386041906245289487416143
 54  n=  1  76296549055905820818450132101871499192545067498745897291859757495169917144838
 55  n= 38  76352223653265318018018707044091056091941897132328352100519489878603245912673
 56  n= 57  77163460513884449162249445975263429408278330381018159419546213481823851094141
 57  n= 32  77592527478212481569012273427897737044335898663229844017466396728131375366139
 58  n= 14  78062615790960749665713276904631218752308416384331265202327844750181548337632
 59  n= 70  78348430515961587643580507810583827593566653410726905656153982094304383447236
 60  n= 35  79226910761880240297235242197380086892757521475160493907722581291651512067238
 61  n= 59  82113470821290617933940264139554512008519842618383114187878612600958293941931
 62  n= 85  82270187582136202276999896373948490973128390810476553129100444989365422003925
 63  n= 16  87354834276836867063665555300152074369434429354186472823144077651480965380891
 64  n= 36  87813910113657980073283790265669968198311735051403585013480470779453693072000
 65  n=  6  88059078063318391047391045562186283584419462139066815886785017093755760212527
 66  n= 65  90882479034267150478570972787814083740082754284893287705686534657262292504770
 67  n= 18  91275194466707233806124354567873145968813614374013073819949641208752234655120
 68  n= 48  91308450986648894991241088649911142102947723584296872456242590689315611493878
 69  n=110  95466336450634967436019924229217284927513586414313168486370390737423400117484
 70  n= 27  100403750155731458625048914635084210604516664875202574607537886164284704563271
 71  n= 42  100606679493582218777109748822179272299441684432793539359206388985952845422865
 72  n= 24  102381375789459874899645390402921763251597998263480523078781726302852929204138
 73  n= 23  104461629888634162447613297906246808452792566055674740282476506817277871774166
 74  n= 44  106608523097067610568423886583758843188212243883621092613846972059436960439812
 75  n= 50  106612355770169917689889020315774616192452491937222208753854062117358241216496
 76  n=100  107660660339104853513150059670425597137055268253606377352450332388842788492508
 77  n= 69  108716035688942649044577350667924246881061198539615459345389287627391067342151
 78  n= 62  110080945246725198903148325793458842188087011050914343146958502769660144720156
 79  n=125  111190060989856599837776925399239316820284977553825717357792031945832388276795
 80  n=  2  112857882709231956166674807130561415301342560860139957821905665253368354201713
 81  n= 28  113128524577693773860711400788549623273788166435054398112631173939544494408307
 82  n= 26  115601660227087456139901664363577061605092180304988289121097259367311675514753

puzzle_n sequence (small->large Ry):
60,55,54,68,49,52,40,17,21,63,31,13,4,53,47,15,46,9,33,20,95,66,80,105,34,8,29,5,56,45,64,19,3,120,75,12,41,61,90,25,67,58,51,22,130,43,115,37,11,30,10,7,39,1,38,57,32,14,70,35,59,85,16,36,6,65,18,48,110,27,42,24,23,44,50,100,69,62,125,2,28,26

========================================================================
d
========================================================================
  1  n=  1  1
  2  n=  2  3
  3  n=  3  7
  4  n=  4  8
  5  n=  5  21
  6  n=  6  49
  7  n=  7  76
  8  n=  8  224
  9  n=  9  467
 10  n= 10  514
 11  n= 11  1155
 12  n= 12  2683
 13  n= 13  5216
 14  n= 14  10544
 15  n= 15  26867
 16  n= 16  51510
 17  n= 17  95823
 18  n= 18  198669
 19  n= 19  357535
 20  n= 20  863317
 21  n= 21  1811764
 22  n= 22  3007503
 23  n= 23  5598802
 24  n= 24  14428676
 25  n= 25  33185509
 26  n= 26  54538862
 27  n= 27  111949941
 28  n= 28  227634408
 29  n= 29  400708894
 30  n= 30  1033162084
 31  n= 31  2102388551
 32  n= 32  3093472814
 33  n= 33  7137437912
 34  n= 34  14133072157
 35  n= 35  20112871792
 36  n= 36  42387769980
 37  n= 37  100251560595
 38  n= 38  146971536592
 39  n= 39  323724968937
 40  n= 40  1003651412950
 41  n= 41  1458252205147
 42  n= 42  2895374552463
 43  n= 43  7409811047825
 44  n= 44  15404761757071
 45  n= 45  19996463086597
 46  n= 46  51408670348612
 47  n= 47  119666659114170
 48  n= 48  191206974700443
 49  n= 49  409118905032525
 50  n= 50  611140496167764
 51  n= 51  2058769515153876
 52  n= 52  4216495639600700
 53  n= 53  6763683971478124
 54  n= 54  9974455244496707
 55  n= 55  30045390491869460
 56  n= 56  44218742292676575
 57  n= 57  138245758910846492
 58  n= 58  199976667976342049
 59  n= 59  525070384258266191
 60  n= 60  1135041350219496382
 61  n= 61  1425787542618654982
 62  n= 62  3908372542507822062
 63  n= 63  8993229949524469768
 64  n= 64  17799667357578236628
 65  n= 65  30568377312064202855
 66  n= 66  46346217550346335726
 67  n= 67  132656943602386256302
 68  n= 68  219898266213316039825
 69  n= 69  297274491920375905804
 70  n= 70  970436974005023690481
 71  n= 75  22538323240989823823367
 72  n= 80  1105520030589234487939456
 73  n= 85  21090315766411506144426920
 74  n= 90  868012190417726402719548863
 75  n= 95  25525831956644113617013748212
 76  n=100  868221233689326498340379183142
 77  n=105  29083230144918045706788529192435
 78  n=110  1090246098153987172547740458951748
 79  n=115  31464123230573852164273674364426950
 80  n=120  919343500840980333540511050618764323
 81  n=125  37650549717742544505774009877315221420
 82  n=130  1103873984953507439627945351144005829577

puzzle_n sequence (small->large d):
1,2,3,4,5,6,7,8,9,10,11,12,13,14,15,16,17,18,19,20,21,22,23,24,25,26,27,28,29,30,31,32,33,34,35,36,37,38,39,40,41,42,43,44,45,46,47,48,49,50,51,52,53,54,55,56,57,58,59,60,61,62,63,64,65,66,67,68,69,70,75,80,85,90,95,100,105,110,115,120,125,130

========================================================================
log2d
========================================================================
  1  n=  1  0
  2  n=  2  1.58496250072116
  3  n=  3  2.8073549220576
  4  n=  4  3
  5  n=  5  4.39231742277876
  6  n=  6  5.61470984411521
  7  n=  7  6.24792751344359
  8  n=  8  7.8073549220576
  9  n=  9  8.86727873970966
 10  n= 10  9.00562454919388
 11  n= 11  10.1736771363034
 12  n= 12  11.3896313392605
 13  n= 13  12.3487281542311
 14  n= 14  13.3641346550081
 15  n= 15  14.7135476169127
 16  n= 16  15.6525649196107
 17  n= 17  16.5480843612244
 18  n= 18  17.6000072487084
 19  n= 19  18.4477249522854
 20  n= 20  19.7195308720262
 21  n= 21  20.7889636117923
 22  n= 22  21.5201347458221
 23  n= 23  22.4166867297878
 24  n= 24  23.7824355859485
 25  n= 25  24.9840500666973
 26  n= 26  25.7007812617129
 27  n= 27  26.7382785269586
 28  n= 28  27.7621434032948
 29  n= 29  28.5779792907975
 30  n= 30  29.9444194580824
 31  n= 31  30.9693821782806
 32  n= 32  31.5265802093279
 33  n= 33  32.7327591446279
 34  n= 34  33.7183560524728
 35  n= 35  34.2274000386858
 36  n= 36  35.3029290170967
 37  n= 37  36.5448337387469
 38  n= 38  37.0967458247161
 39  n= 39  38.2359776888025
 40  n= 40  39.8683954197573
 41  n= 41  40.4073773944234
 42  n= 42  41.3968871293596
 43  n= 43  42.7525738925369
 44  n= 44  43.8084416040305
 45  n= 45  44.184810076602
 46  n= 46  45.5470769317498
 47  n= 47  46.7660145806977
 48  n= 48  47.4421284782178
 49  n= 49  48.5395135328857
 50  n= 50  49.1184974103066
 51  n= 51  50.8707037486876
 52  n= 52  51.9049658858182
 53  n= 53  52.586730675691
 54  n= 54  53.1471594739162
 55  n= 55  54.7379931905113
 56  n= 56  55.2955075095681
 57  n= 57  56.9400128353741
 58  n= 58  57.472609298293
 59  n= 59  58.8652884381768
 60  n= 60  59.9774505646693
 61  n= 61  60.3064647289927
 62  n= 62  61.7612736982093
 63  n= 63  62.9635450656771
 64  n= 64  63.9484840830372
 65  n= 65  64.7286737732734
 66  n= 66  65.3290854039754
 67  n= 67  66.8462620896241
 68  n= 68  67.5753981270638
 69  n= 69  68.0103575737113
 70  n= 70  69.7171964164636
 71  n= 75  74.2547982764176
 72  n= 80  79.8709994424508
 73  n= 85  84.1247830676583
 74  n= 90  89.4878457711832
 75  n= 95  94.3659446400908
 76  n=100  99.4539774580881
 77  n=105  104.519958453381
 78  n=110  109.748280958498
 79  n=115  114.599262967951
 80  n=120  119.468087327694
 81  n=125  124.824010439986
 82  n=130  129.697771188249

puzzle_n sequence (small->large log2d):
1,2,3,4,5,6,7,8,9,10,11,12,13,14,15,16,17,18,19,20,21,22,23,24,25,26,27,28,29,30,31,32,33,34,35,36,37,38,39,40,41,42,43,44,45,46,47,48,49,50,51,52,53,54,55,56,57,58,59,60,61,62,63,64,65,66,67,68,69,70,75,80,85,90,95,100,105,110,115,120,125,130

========================================================================
n
========================================================================
  1  n=  1  1
  2  n=  2  2
  3  n=  3  3
  4  n=  4  4
  5  n=  5  5
  6  n=  6  6
  7  n=  7  7
  8  n=  8  8
  9  n=  9  9
 10  n= 10  10
 11  n= 11  11
 12  n= 12  12
 13  n= 13  13
 14  n= 14  14
 15  n= 15  15
 16  n= 16  16
 17  n= 17  17
 18  n= 18  18
 19  n= 19  19
 20  n= 20  20
 21  n= 21  21
 22  n= 22  22
 23  n= 23  23
 24  n= 24  24
 25  n= 25  25
 26  n= 26  26
 27  n= 27  27
 28  n= 28  28
 29  n= 29  29
 30  n= 30  30
 31  n= 31  31
 32  n= 32  32
 33  n= 33  33
 34  n= 34  34
 35  n= 35  35
 36  n= 36  36
 37  n= 37  37
 38  n= 38  38
 39  n= 39  39
 40  n= 40  40
 41  n= 41  41
 42  n= 42  42
 43  n= 43  43
 44  n= 44  44
 45  n= 45  45
 46  n= 46  46
 47  n= 47  47
 48  n= 48  48
 49  n= 49  49
 50  n= 50  50
 51  n= 51  51
 52  n= 52  52
 53  n= 53  53
 54  n= 54  54
 55  n= 55  55
 56  n= 56  56
 57  n= 57  57
 58  n= 58  58
 59  n= 59  59
 60  n= 60  60
 61  n= 61  61
 62  n= 62  62
 63  n= 63  63
 64  n= 64  64
 65  n= 65  65
 66  n= 66  66
 67  n= 67  67
 68  n= 68  68
 69  n= 69  69
 70  n= 70  70
 71  n= 75  75
 72  n= 80  80
 73  n= 85  85
 74  n= 90  90
 75  n= 95  95
 76  n=100  100
 77  n=105  105
 78  n=110  110
 79  n=115  115
 80  n=120  120
 81  n=125  125
 82  n=130  130

puzzle_n sequence (small->large n):
1,2,3,4,5,6,7,8,9,10,11,12,13,14,15,16,17,18,19,20,21,22,23,24,25,26,27,28,29,30,31,32,33,34,35,36,37,38,39,40,41,42,43,44,45,46,47,48,49,50,51,52,53,54,55,56,57,58,59,60,61,62,63,64,65,66,67,68,69,70,75,80,85,90,95,100,105,110,115,120,125,130

========================================================================
log_Px
========================================================================
  1  n= 25  173.605067522533
  2  n=  8  174.068007806657
  3  n=110  174.161376639638
  4  n= 32  174.179972684284
  5  n= 18  174.457194198337
  6  n= 30  174.477449841064
  7  n= 53  174.652109414425
  8  n= 64  174.674570195567
  9  n= 58  174.753412926421
 10  n= 67  174.797927138673
 11  n= 21  175.175937645202
 12  n= 27  175.178573092605
 13  n= 68  175.362345336401
 14  n= 62  175.45879158491
 15  n= 85  175.632606302052
 16  n= 39  175.717508967259
 17  n=  4  175.750806111654
 18  n= 65  175.774387585689
 19  n=125  175.840915331689
 20  n=  5  175.874011800006
 21  n= 47  175.962205063124
 22  n= 20  175.999669146245
 23  n= 34  176.009170303992
 24  n= 22  176.041240478296
 25  n= 56  176.046464796653
 26  n= 17  176.050096829891
 27  n= 59  176.077198417195
 28  n=  9  176.110781462369
 29  n=115  176.188553479161
 30  n= 60  176.18968935079
 31  n= 61  176.199709304269
 32  n= 54  176.217401179701
 33  n= 69  176.226890762607
 34  n= 26  176.261173842029
 35  n= 66  176.268500930381
 36  n= 49  176.390426999541
 37  n= 90  176.424695623134
 38  n=  3  176.430321677078
 39  n= 44  176.446718148155
 40  n=130  176.498014507952
 41  n= 63  176.524713592393
 42  n= 29  176.588791984982
 43  n= 24  176.606937301283
 44  n= 45  176.608154889001
 45  n= 75  176.640370558435
 46  n= 52  176.660643864264
 47  n=  1  176.702419216841
 48  n= 37  176.73018903073
 49  n= 80  176.737347460873
 50  n= 19  176.793848124656
 51  n= 55  176.795627386412
 52  n= 31  176.812133797405
 53  n= 12  176.835002457255
 54  n= 11  176.835134573554
 55  n= 51  176.845163336547
 56  n= 70  176.876549013155
 57  n= 48  176.882364060733
 58  n=  7  176.913254043337
 59  n= 95  176.914317147179
 60  n= 16  176.960232839233
 61  n= 40  176.99385885599
 62  n= 33  176.996301825298
 63  n= 57  177.007242028187
 64  n= 43  177.013663880961
 65  n= 10  177.022341079962
 66  n= 13  177.041311147504
 67  n= 41  177.089802966003
 68  n= 36  177.092924627974
 69  n= 14  177.098692785658
 70  n=105  177.142078442003
 71  n= 38  177.159965287879
 72  n=120  177.231837198209
 73  n=100  177.247724360544
 74  n= 28  177.355394133701
 75  n= 42  177.37605704433
 76  n=  6  177.392963846536
 77  n= 50  177.399448508915
 78  n= 35  177.408497716466
 79  n= 23  177.414544622577
 80  n=  2  177.418714854663
 81  n= 46  177.435194522383
 82  n= 15  177.440377984418

puzzle_n sequence (small->large log_Px):
25,8,110,32,18,30,53,64,58,67,21,27,68,62,85,39,4,65,125,5,47,20,34,22,56,17,59,9,115,60,61,54,69,26,66,49,90,3,44,130,63,29,24,45,75,52,1,37,80,19,55,31,12,11,51,70,48,7,95,16,40,33,57,43,10,13,41,36,14,105,38,120,100,28,42,6,50,35,23,2,46,15

========================================================================
log_Py
========================================================================
  1  n= 54  170.914503557367
  2  n=110  172.977191639648
  3  n= 27  173.079786140778
  4  n= 33  173.308221519549
  5  n=105  173.515198833014
  6  n= 26  173.905461081651
  7  n= 28  174.198855329708
  8  n= 59  174.463259378614
  9  n= 85  174.540329128661
 10  n= 55  174.588561038646
 11  n= 68  174.646274143674
 12  n= 11  175.270079927164
 13  n= 42  175.606413579418
 14  n=125  175.640788677081
 15  n=120  175.663998967337
 16  n= 21  175.714705340247
 17  n= 13  175.747301007049
 18  n=  5  175.814919602402
 19  n= 39  175.884845558029
 20  n= 38  175.921097243593
 21  n=  2  175.935811136669
 22  n= 17  175.947807705835
 23  n= 62  176.014448124245
 24  n= 31  176.126161010733
 25  n= 19  176.14172869
 26  n=  1  176.180354811332
 27  n= 32  176.280205443682
 28  n= 64  176.296865583857
 29  n= 58  176.310835555093
 30  n= 63  176.401501733557
 31  n=  4  176.425581265281
 32  n= 48  176.42842768678
 33  n= 37  176.477980624968
 34  n= 12  176.484586836063
 35  n= 80  176.489146186981
 36  n= 53  176.518300676028
 37  n=115  176.534640007307
 38  n=  3  176.572591536189
 39  n= 36  176.601933621276
 40  n= 57  176.616253186654
 41  n= 22  176.619468904281
 42  n= 44  176.680343485352
 43  n= 14  176.691824058988
 44  n= 66  176.715107961159
 45  n= 40  176.71780608943
 46  n= 51  176.760732636483
 47  n= 16  176.781470796298
 48  n=100  176.8082430501
 49  n=  9  176.809983992859
 50  n= 20  176.813214386986
 51  n= 18  176.817300213444
 52  n= 35  176.869396598188
 53  n= 23  176.919110284178
 54  n= 41  176.939992023979
 55  n= 75  176.94445992707
 56  n= 95  176.960953485489
 57  n= 46  176.975781631608
 58  n= 90  177.026169738112
 59  n= 45  177.03984410343
 60  n=130  177.073658549027
 61  n= 30  177.07547003454
 62  n= 25  177.114729443682
 63  n= 49  177.130481644649
 64  n=  7  177.145813891941
 65  n= 47  177.159802759299
 66  n= 43  177.191869447637
 67  n= 15  177.194143456908
 68  n= 34  177.198765489492
 69  n= 60  177.240832934505
 70  n= 69  177.251374616457
 71  n=  8  177.252728222835
 72  n= 61  177.255368188471
 73  n= 24  177.257993982306
 74  n= 10  177.264150486105
 75  n= 70  177.272039951988
 76  n= 52  177.278969424929
 77  n= 56  177.312350405802
 78  n=  6  177.316025698562
 79  n= 65  177.327715716446
 80  n= 50  177.361116136696
 81  n= 67  177.382297969135
 82  n= 29  177.404959060628

puzzle_n sequence (small->large log_Py):
54,110,27,33,105,26,28,59,85,55,68,11,42,125,120,21,13,5,39,38,2,17,62,31,19,1,32,64,58,63,4,48,37,12,80,53,115,3,36,57,22,44,14,66,40,51,16,100,9,20,18,35,23,41,75,95,46,90,45,130,30,25,49,7,47,43,15,34,60,69,8,61,24,10,70,52,56,6,65,50,67,29

========================================================================
log_r
========================================================================
  1  n= 23  170.354633287019
  2  n= 90  174.048842193058
  3  n=  9  174.409471675765
  4  n= 85  174.466184815995
  5  n= 18  174.522272367981
  6  n= 69  174.560531995388
  7  n= 22  174.611726663149
  8  n= 34  174.633115117428
  9  n= 11  174.767984542817
 10  n=125  175.018471462223
 11  n=  1  175.038818790017
 12  n= 25  175.042760716822
 13  n= 75  175.166621822984
 14  n= 54  175.192953635714
 15  n=105  175.319613028533
 16  n= 12  175.385675181058
 17  n= 19  175.419224228556
 18  n= 20  175.603452288982
 19  n=110  175.705100003471
 20  n= 66  175.767100421239
 21  n= 58  175.805436656465
 22  n= 70  175.897740224264
 23  n= 26  175.906882140632
 24  n= 44  175.972013647386
 25  n= 50  175.984921834523
 26  n= 36  176.051102387277
 27  n= 43  176.052413146161
 28  n= 64  176.077104692118
 29  n= 35  176.129611890414
 30  n=  6  176.269996276475
 31  n=  3  176.278342751811
 32  n= 68  176.310649541501
 33  n= 17  176.321985345384
 34  n=100  176.325124382901
 35  n= 65  176.346404387271
 36  n=  8  176.354768347022
 37  n=  2  176.373762786989
 38  n= 61  176.381758460854
 39  n= 31  176.391725871096
 40  n= 56  176.434478578966
 41  n= 67  176.447490761641
 42  n= 52  176.459491977595
 43  n= 21  176.498809712536
 44  n= 53  176.546393419227
 45  n= 39  176.570208137751
 46  n=  5  176.573279989677
 47  n= 62  176.5933507279
 48  n= 49  176.605559336438
 49  n= 41  176.725724330125
 50  n= 80  176.776406971423
 51  n= 24  176.794121284534
 52  n= 59  176.86315590871
 53  n=115  176.928065017075
 54  n= 10  176.956289789926
 55  n=130  176.974355443471
 56  n=120  176.991314840569
 57  n= 48  176.991407786532
 58  n= 16  177.041947099261
 59  n= 15  177.086209142389
 60  n=  4  177.097176839873
 61  n= 37  177.108580169122
 62  n= 46  177.109812457915
 63  n= 33  177.116544094053
 64  n= 30  177.117450358212
 65  n= 47  177.148780726451
 66  n= 27  177.164928194134
 67  n=  7  177.179892351712
 68  n= 14  177.184294743571
 69  n= 45  177.229172603448
 70  n= 29  177.256803938348
 71  n= 55  177.26251701354
 72  n= 40  177.275302672129
 73  n= 63  177.286183199573
 74  n= 60  177.308177814737
 75  n= 95  177.308611335456
 76  n= 28  177.323321492508
 77  n= 32  177.332881129649
 78  n= 42  177.352012602919
 79  n= 57  177.375592367396
 80  n= 51  177.393745073164
 81  n= 13  177.404423692362
 82  n= 38  177.435795572576

puzzle_n sequence (small->large log_r):
23,90,9,85,18,69,22,34,11,125,1,25,75,54,105,12,19,20,110,66,58,70,26,44,50,36,43,64,35,6,3,68,17,100,65,8,2,61,31,56,67,52,21,53,39,5,62,49,41,80,24,59,115,10,130,120,48,16,15,4,37,46,33,30,47,27,7,14,45,29,55,40,63,60,95,28,32,42,57,51,13,38

========================================================================
log_s
========================================================================
  1  n=  6  172.200952809319
  2  n= 30  172.445514662478
  3  n= 39  174.365150183471
  4  n=  8  174.635023060641
  5  n=115  174.719373948893
  6  n= 69  174.847931334635
  7  n= 63  174.925553318736
  8  n=  7  174.926270649807
  9  n= 22  174.930641155068
 10  n= 59  174.937658897369
 11  n= 61  174.99259146015
 12  n= 68  175.016628102841
 13  n= 48  175.048155651539
 14  n=120  175.089647189006
 15  n= 33  175.161378635816
 16  n=  3  175.210691334667
 17  n=130  175.346506101091
 18  n= 24  175.381102044103
 19  n= 66  175.436649249042
 20  n= 34  175.443809218825
 21  n= 43  175.44417080889
 22  n= 55  175.447130138682
 23  n= 42  175.508306100806
 24  n= 80  175.649639482236
 25  n= 20  175.670769956309
 26  n= 58  175.704721206453
 27  n= 13  175.754191313852
 28  n=105  175.759145461344
 29  n=  5  175.78850659674
 30  n= 37  175.805670802895
 31  n= 12  175.834820373388
 32  n=110  175.835531938642
 33  n= 51  175.882412493366
 34  n= 40  175.885901052953
 35  n= 10  175.907724892475
 36  n= 47  175.91128288078
 37  n= 50  175.911489123461
 38  n= 95  175.946295662498
 39  n= 70  175.959660878837
 40  n= 65  176.036956333295
 41  n= 75  176.042259800449
 42  n= 27  176.080313169382
 43  n= 26  176.126488786664
 44  n=  9  176.129054896295
 45  n= 31  176.155962563093
 46  n= 16  176.169646383843
 47  n= 23  176.179263005499
 48  n= 52  176.267497262673
 49  n= 19  176.277550471766
 50  n=100  176.27885129478
 51  n= 45  176.283165451608
 52  n= 14  176.286719154169
 53  n= 32  176.336503116059
 54  n= 29  176.344664152692
 55  n= 49  176.363520096117
 56  n= 53  176.391584812404
 57  n= 57  176.394522602922
 58  n=  2  176.403625022736
 59  n= 44  176.469846911106
 60  n= 38  176.530105975295
 61  n= 60  176.534229220235
 62  n= 56  176.556887327352
 63  n= 64  176.557108434045
 64  n=  4  176.571022823894
 65  n= 28  176.596282462351
 66  n=125  176.598219702245
 67  n= 62  176.607312500953
 68  n= 21  176.607412998011
 69  n= 54  176.615773833412
 70  n= 67  176.617057152713
 71  n= 41  176.623193535409
 72  n= 25  176.629374949562
 73  n= 46  176.639558814194
 74  n= 90  176.65339041722
 75  n= 85  176.674732602026
 76  n=  1  176.67987287258
 77  n= 15  176.777866884499
 78  n= 11  176.946190546331
 79  n= 18  177.00548421798
 80  n= 35  177.02635097138
 81  n= 36  177.04534391847
 82  n= 17  177.37062803003

puzzle_n sequence (small->large log_s):
6,30,39,8,115,69,63,7,22,59,61,68,48,120,33,3,130,24,66,34,43,55,42,80,20,58,13,105,5,37,12,110,51,40,10,47,50,95,70,65,75,27,26,9,31,16,23,52,19,100,45,14,32,29,49,53,57,2,44,38,60,56,64,4,28,125,62,21,54,67,41,25,46,90,85,1,15,11,18,35,36,17

========================================================================
log_z
========================================================================
  1  n=115  172.254640326563
  2  n=110  173.596485988874
  3  n=  9  173.949328709297
  4  n= 67  174.086229206492
  5  n= 43  174.371128942566
  6  n= 53  174.531816398964
  7  n= 27  174.877116324181
  8  n=  7  175.000723368026
  9  n= 49  175.263873599405
 10  n=100  175.265285862665
 11  n= 63  175.299645478485
 12  n= 50  175.404567618518
 13  n= 11  175.482403737915
 14  n= 47  175.713365726954
 15  n= 68  175.719602536211
 16  n= 59  175.768702302908
 17  n= 65  175.843449205194
 18  n=  6  175.859361845272
 19  n=  5  176.020669951139
 20  n= 28  176.02908930225
 21  n= 20  176.060796754447
 22  n= 34  176.076999887594
 23  n= 10  176.079536048504
 24  n= 80  176.100768717331
 25  n= 39  176.175064484455
 26  n= 29  176.177725064742
 27  n= 15  176.205809762249
 28  n= 85  176.218114445527
 29  n= 13  176.243776267207
 30  n= 66  176.26206988433
 31  n= 30  176.335009080442
 32  n= 55  176.344531437086
 33  n= 42  176.392646947715
 34  n= 54  176.408690121322
 35  n= 24  176.409004595179
 36  n=125  176.446202180983
 37  n= 56  176.493902196738
 38  n= 37  176.517106196414
 39  n= 95  176.585091906775
 40  n= 14  176.591882411023
 41  n= 17  176.62978453129
 42  n= 46  176.632607036102
 43  n= 57  176.653509652391
 44  n= 32  176.681409337835
 45  n=120  176.737520585976
 46  n= 16  176.792027846272
 47  n= 51  176.810710308664
 48  n= 38  176.821697039232
 49  n=130  176.853539615924
 50  n= 44  176.864229024916
 51  n= 35  176.871411649901
 52  n= 69  176.910958285078
 53  n= 25  176.917053257326
 54  n= 23  176.943648598248
 55  n=105  176.952272636891
 56  n=  2  176.997295163215
 57  n= 40  177.02428286271
 58  n= 60  177.037538272238
 59  n= 31  177.056213180903
 60  n=  8  177.06774208015
 61  n= 33  177.069044645901
 62  n= 90  177.113378483824
 63  n= 18  177.146314041812
 64  n=  4  177.183662726822
 65  n= 41  177.216370445313
 66  n= 62  177.23652686448
 67  n= 22  177.236974538872
 68  n= 52  177.238092900038
 69  n=  3  177.241409667977
 70  n= 26  177.245577296642
 71  n=  1  177.248887049482
 72  n= 58  177.256848522713
 73  n= 21  177.290247675027
 74  n= 19  177.302747806728
 75  n= 48  177.308190929161
 76  n= 61  177.320583223125
 77  n= 64  177.345414223035
 78  n= 12  177.378430916278
 79  n= 36  177.399151421849
 80  n= 75  177.41612631549
 81  n= 45  177.426649684278
 82  n= 70  177.42694520316

puzzle_n sequence (small->large log_z):
115,110,9,67,43,53,27,7,49,100,63,50,11,47,68,59,65,6,5,28,20,34,10,80,39,29,15,85,13,66,30,55,42,54,24,125,56,37,95,14,17,46,57,32,120,16,51,38,130,44,35,69,25,23,105,2,40,60,31,8,33,90,18,4,41,62,22,52,3,26,1,58,21,19,48,61,64,12,36,75,45,70

========================================================================
log_Ry
========================================================================
  1  n= 60  172.069849608638
  2  n= 55  173.267530340533
  3  n= 54  173.590760847298
  4  n= 68  173.601519873813
  5  n= 49  173.758176431861
  6  n= 52  174.383752767429
  7  n= 40  174.659189274115
  8  n= 17  174.798098674082
  9  n= 21  175.023945464023
 10  n= 63  175.198802160834
 11  n= 31  175.295618052493
 12  n= 13  175.356200424394
 13  n=  4  175.507874557735
 14  n= 53  175.603395048075
 15  n= 47  175.697609313897
 16  n= 15  175.741301403727
 17  n= 46  175.981711048624
 18  n=  9  176.001549339453
 19  n= 33  176.010369436113
 20  n= 20  176.043533659879
 21  n= 95  176.186498484531
 22  n= 66  176.186550237989
 23  n= 80  176.219806786567
 24  n=105  176.248876376598
 25  n= 34  176.310033361368
 26  n=  8  176.415269565466
 27  n= 29  176.446487444908
 28  n=  5  176.464755824088
 29  n= 56  176.539266979196
 30  n= 45  176.600238540513
 31  n= 64  176.602669490921
 32  n= 19  176.623657106113
 33  n=  3  176.625276224209
 34  n=120  176.628844230993
 35  n= 75  176.657358446944
 36  n= 12  176.664206367721
 37  n= 41  176.687491950097
 38  n= 61  176.710679016925
 39  n= 90  176.713358412089
 40  n= 25  176.753511617338
 41  n= 67  176.784346259035
 42  n= 58  176.835435455868
 43  n= 51  176.879112007972
 44  n= 22  176.90648212255
 45  n=130  176.908955336992
 46  n= 43  176.91773778407
 47  n=115  176.947236118543
 48  n= 37  176.955844036783
 49  n= 11  176.972923862597
 50  n= 30  176.997718754874
 51  n= 10  177.005762838438
 52  n=  7  177.013354374376
 53  n= 39  177.022429958041
 54  n=  1  177.028509683196
 55  n= 38  177.029239130264
 56  n= 57  177.039808010132
 57  n= 32  177.045353101722
 58  n= 14  177.051393245749
 59  n= 70  177.05504791145
 60  n= 35  177.066197998008
 61  n= 59  177.101984055765
 62  n= 85  177.103890775811
 63  n= 16  177.163860353355
 64  n= 36  177.169101892186
 65  n=  6  177.171889905411
 66  n= 65  177.20344920726
 67  n= 18  177.207761032651
 68  n= 48  177.208125320704
 69  n=110  177.252655661999
 70  n= 27  177.303081533262
 71  n= 42  177.305100626571
 72  n= 24  177.322586793561
 73  n= 23  177.342701800433
 74  n= 44  177.363045437095
 75  n= 50  177.363081387356
 76  n=100  177.372866221228
 77  n= 69  177.382621280238
 78  n= 62  177.395097935609
 79  n=125  177.405122972788
 80  n=  2  177.420011326589
 81  n= 28  177.422406532576
 82  n= 26  177.444032292515

puzzle_n sequence (small->large log_Ry):
60,55,54,68,49,52,40,17,21,63,31,13,4,53,47,15,46,9,33,20,95,66,80,105,34,8,29,5,56,45,64,19,3,120,75,12,41,61,90,25,67,58,51,22,130,43,115,37,11,30,10,7,39,1,38,57,32,14,70,35,59,85,16,36,6,65,18,48,110,27,42,24,23,44,50,100,69,62,125,2,28,26

