LINEAR ORDER ALL-IN-ONE (rows by rmd160 ascending)
Puzzles 1..160
Chart: rows sorted by rmd160 linear_rank (1=smallest hash160). All 160 have h160.
Everything else is columns to the right (including scattered d / l2d / dbit).
CSV: LINEAR_RANK_CHART_BY_RMD160.csv

  n h160   d l2d nRk  Px  Py Pmy   r   s   z  Ry  pay  lex sPub  sVH sCHK   c4 dbit
-----------------------------------------------------------------------------------
133    1         133                                1   35       156    8    8     
136    2         136                                2  159        32  147  147     
 24    3  24  24  24  47  76  13  52  20  36  72    3  160   83   51    1    1   24
 39    4  39  39  39  19  19  70  46   3  26  53    4    1   63   13   58   58   39
 27    5  27  27  27  14   3  86  68  48   8  70    5    2   47   47  122  122   27
 49    6  49  49  49  39  65  24  49  61  10   5    6    3   38  108   13   13   49
110    7  78  78 110   3   2  87  19  38   2  69    7    4   19   92   46   46  110
 73    8          73                                8    5       114   17   17     
 28    9  28  28  28  80   7  82  79  71  21  81    9    6   64  160   66   66   28
134   10         134                               10    7       141   21   21     
143   11         143                               11    8         3   54   54     
151   12         151                               12    9       142  119  119     
 82   13          82                               13   10        12  131  131     
 66   14  66  66  66  38  46  43  20  23  31  22   14   11   36   67  154  154   66
157   15         157                               15   12        45  150  150     
 83   16          83                               16   13        63   69   69     
 37   17  37  37  37  52  34  55  63  36  39  48   17   14   69   86  126  126   37
 21   18  21  21  21  13  16  73  44  74  78   9   18   15    1  120   31   31   21
159   19         159                               19   16        96  138  138     
 96   20          96                               20   17       111   63   63     
107   21         107                               21   18       151   77   77     
 25   22  25  25  25   1  64  25  12  78  56  40   22   19   13   54   83   83   25
 53   23  53  53  53   7  37  52  45  62   6  14   23   20   23  109   76   76   53
142   24         142                               24   21       103  121  121     
 57   25  57  57  57  67  42  47  83  63  44  56   25   22   17   41   18   18   57
137   26         137                               26   23       130   23   23     
 78   27          78                               27   24       136  157  157     
 81   28          81                               28   25        39  129  129     
 52   29  52  52  52  50  79  10  43  54  73   6   29   26   49   10  124  124   52
 88   30          88                               30   27        65    3    3     
135   31         135  12  38  51  71  22  54       31   28   68   85   79   79     
 64   32  64  64  64   8  28  61  28  69  82  31   32   29    5    8   43   43   64
131   33         131                               33   30         5   36   36     
114   34         114                               34   31        50   59   59     
 93   35          93                               35   32        26  104  104     
 56   36  56  56  56  28  80   9  41  68  38  29   36   33    4   27   62   62   56
120   37  80  80 120  77  15  74  58  15  46  34   37   34   59   64  160  160  120
153   38         153                               38   36       152   65   65     
111   39         111                               39   37       147   93   93     
 33   40  33  33  33  66   4  85  65  17  65  19   40   38   42  110   28   28   33
112   41         112                               41   39       150  145  145     
106   42         106                               42   40        94   19   19     
 65   43  65  65  65  21  82   7  35  46  18  66   43   41   40  159  158  158   65
147   44         147                               44   42        99   25   25     
 97   45          97                               45   43        44  151  151     
 29   46  29  29  29  46  85   4  73  60  27  27   46   44   71  122  128  128   29
145   47         145  71  33  56  54   7   7       47   45   84  102   75   75     
 89   48          89                               48   46       139   67   67     
 70   49  70  70  70  60  78  11  22  45  87  59   49   47   82   76   45   45   70
  3   50   3   3   3  41  40  49  31  18  74  33   50   48   57   98   42   42    3
 95   51  75  75  95  63  58  31  78  44  40  21   51   49   24   80   78   78   95
 69   52  69  69  69  36  73  16   6   6  55  77   52   50   70  144  127  127   69
158   53         158                               53   51        68    9    9     
 92   54          92                               54   52       117    2    2     
 79   55          79                               55   53        57  136  136     
 61   56  61  61  61  34  75  14  38  12  81  38   56   54   31   60   74   74   61
126   57         126                               57   55        70   38   38     
138   58         138                               58   56        22   85   85     
103   59         103                               59   57       158   86   86     
155   60         155  42  86   3  84  16  47       60   58   48   62  135  135     
 80   61  72  72  80  53  36  53  51  28  25  23   61   59   50   74   70   70   80
 16   62  16  16  16  64  49  40  60  52  48  63   62   60   77    6   27   27   16
 67   63  67  67  67  10  84   5  42  76   4  41   63   61   62   79   71   71   67
 36   64  36  36  36  73  41  48  26  87  84  64   64   62   43  154  152  152   36
  1   65   1   1   1  51  26  63  11  82  76  54   65   63    3  132   51   51    1
124   66         124                               66   64       127   24   24     
 77   67          77                               67   65        24   37   37     
141   68         141                               68   66        61   33   33     
101   69         101                               69   67        31   11   11     
105   70  77  77 105  75   5  84  15  34  58  24   70   68    6   87   64   64  105
 84   71          84                               71   69       125  148  148     
  9   72   9   9   9  31  51  38   3  50   3  18   72   70   65   42   91   91    9
  2   73   2   2   2  86  21  68  37  64  59  80   73   71   81   46  112  112    2
149   74         149                               74   72       128   39   39     
 98   75          98                               75   73         9  141  141     
123   76         123                               76   74        75  146  146     
 22   77  22  22  22  27  43  46   7  10  72  44   77   75   54   14  153  153   22
 44   78  44  44  44  43  44  45  24  65  52  74   78   76   34  140   34   34   44
 12   79  12  12  12  57  35  54  16  37  83  36   79   77   72  149   89   89   12
 48   80  48  48  48  61  32  57  59  14  80  68   80   78   35    4  115  115   48
 76   81          76                               81   79        77  103  103     
 58   82  58  58  58   9  29  60  21  31  77  42   82   80   76   11  118  118   58
 42   83  42  42  42  81  13  76  82  27  34  71   83   81   86  119   16   16   42
  5   84   5   5   5  23  18  71  47  35  20  28   84   82   79   78  120  120    5
104   85         104                               85   83       107   87   87     
 40   86  40  40  40  65  47  42  75  40  60   7   86   84   51  146  117  117   40
  4   87   4   4   4  20  31  58  62  70  69  13   87   85   66   33   48   48    4
 14   88  14  14  14  74  45  44  70  58  41  58   88   86   41   19   44   44   14
 91   89          91                               89   87       126   52   52     
 46   90  46  46  46  87  59  30  64  79  43  17   90   88   39   71   88   88   46
 32   91  32  32  32   4  27  62  81  59  45  57   91   89   10   35   14   14   32
156   92         156                               92   90        30  140  140     
 74   93          74                               93   91        83   95   95     
130   94  82  82 130  44  62  27  57  19  51  45   94   92   52   93   12   12  130
148   95         148                               95   93        28  139  139     
139   96         139                               96   94        72   40   40     
127   97         127                               97   95       143   20   20     
121   98         121                               98   96         1  142  142     
 18   99  18  18  18   5  53  36   5  85  68  67   99   97    7   43  130  130   18
119  100         119                              100   98        95   90   90     
109  101         109                              101   99       129  100  100     
 59  102  59  59  59  30   8  81  53  11  17  61  102  100   22   84   68   68   59
108  103         108                              103  101       133    6    6     
 38  104  38  38  38  76  20  69  88  66  50  55  104  102   53   56  137  137   38
 17  105  17  17  17  29  22  67  33  88  42   8  105  103   87   15  156  156   17
 20  106  20  20  20  25  52  37  18  29  22  20  106  104   44  121   30   30   20
129  107         129                              107  105       134  105  105     
 75  108  71  71  75  49  57  32  13  47  85  35  108  106   80  157  110  110   75
 72  109          72                              109  107        34   15   15     
 26  110  26  26  26  37   6  83  23  49  75  82  110  108   88   49   41   41   26
 99  111          99                              111  109        17   26   26     
 86  112          86                              112  110         7   29   29     
 94  113          94                              113  111        52   97   97     
100  114  76  76 100  78  50  39  34  56  11  76  114  112   30   97   47   47  100
117  115         117                              115  113        29   96   96     
 54  116  54  54  54  35   1  88  14  75  35   3  116  114   12  123   99   99   54
 85  117  73  73  85  18   9  80   4  81  29  62  117  115   28  124    5    5   85
 60  118  60  60  60  33  72  17  77  67  61   1  118  116   58   40  116  116   60
132  119         132                              119  117        59    4    4     
 90  120  74  74  90  40  60  29   2  80  67  39  120  118   37   20  132  132   90
 23  121  23  23  23  85  55  34   1  53  57  73  121  119   27  138  143  143   23
 41  122  41  41  41  72  56  33  50  77  70  37  122  120   67  148  113  113   41
 30  123  30  30  30   6  63  26  66   2  32  50  123  121   18  105   10   10   30
 10  124  10  10  10  69  77  12  56  41  24  51  124  122   45  135  111  111   10
 31  125  31  31  31  56  24  65  39  51  63  11  125  123   11   88   55   55   31
152  126         152                              126  124        53   73   73     
 55  127  55  55  55  55  10  79  74  26  33   2  127  125   74  137  107  107   55
146  128         146                              128  126        18   92   92     
  8  129   8   8   8   2  74  15  36   4  64  26  129  127   29   69   57   57    8
 50  130  50  50  50  83  83   6  25  43  13  75  130  128   55   82  102  102   50
150  131         150  11  87   2  87  32  66      131  129   60   58    7    7     
 68  132  68  68  68  16  11  78  32  13  16   4  132  130    2   36   35   35   68
128  133         128                              133  131       112   22   22     
  7  134   7   7   7  62  66  23  69   9   9  52  134  132    9   89   50   50    7
122  135         122                              135  133        73  133  133     
 62  136  62  62  62  17  23  66  48  73  71  78  136  134   56   21  159  159   62
116  137         116                              137  135        81   61   61     
160  138         160  79  68  21  40  30  62      138  136   46  101   56   56     
115  139  79  79 115  32  39  50  55   5   1  47  139  137   25   91   94   94  115
 19  140  19  19  19  54  25  64  17  55  79  32  140  138   15  131   84   84   19
113  141         113                              141  139        37  134  134     
144  142         144                              142  140       104   80   80     
154  143         154                              143  141       116  106  106     
 63  144  63  63  63  45  30  59  76   8  12  10  144  142   73   23   98   98   63
 51  145  51  51  51  59  48  41  85  39  49  43  145  143   21    2   53   53   51
 45  146  45  45  45  48  61  28  72  57  86  30  146  144    8  113  109  109   45
118  147         118                              147  145        48  144  144     
 34  148  34  34  34  26  71  18   8  24  23  25  148  146   16   25  155  155   34
 35  149  35  35  35  84  54  35  29  86  53  60  149  147   33  153  125  125   35
 71  150          71                              150  148        90  108  108     
125  151  81  81 125  22  14  75  10  72  37  79  151  149   85   38   82   82  125
102  152         102                              152  150       115  123  123     
 47  153  47  47  47  24  67  22  67  42  15  15  153  151   61   16  149  149   47
 11  154  11  11  11  58  12  77   9  84  14  49  154  152   20  155   60   60   11
 43  155  43  43  43  68  69  20  27  25   5  46  155  153   14   55  114  114   43
 13  156  13  13  13  70  17  72  86  33  30  12  156  154   78   66   49   49   13
  6  157   6   6   6  82  81   8  30   1  19  65  157  155   32  145   81   81    6
 87  158          87                              158  156       106   32   32     
 15  159  15  15  15  88  70  19  61  83  28  16  159  157   75  100  101  101   15
140  160         140  15  88   1  80  21  88      160  158   26  118   72   72     

========================================================================
puzzle_n sequences (value ascending)
========================================================================

Px
25,8,110,32,18,30,53,64,58,67,150,135,21,27,140,68,62,85,39,4,65,125,5,47,20,34,22,56,17,59,9,115,60,61,54,69,26,66,49,90,3,155,44,130,63,29,24,45,75,52,1,37,80,19,55,31,12,11,51,70,48,7,95,16,40,33,57,43,10,13,145,41,36,14,105,38,120,100,160,28,42,6,50,35,23,2,46,15

Py
54,110,27,33,105,26,28,59,85,55,68,11,42,125,120,21,13,5,39,38,2,17,62,31,19,1,32,64,58,63,4,48,145,37,12,80,53,135,115,3,36,57,22,44,14,66,40,51,16,100,9,20,18,35,23,41,75,95,46,90,45,130,30,25,49,7,47,160,43,15,34,60,69,8,61,24,10,70,52,56,6,65,50,67,29,155,150,140

Pmy
140,150,155,29,67,50,65,6,56,52,70,10,24,61,8,69,60,34,15,43,160,47,7,49,25,30,130,45,90,46,95,75,41,23,35,18,20,9,100,16,51,40,66,14,44,22,57,36,3,115,135,53,80,12,37,145,48,4,63,58,64,32,1,19,31,62,17,2,38,39,5,13,21,120,125,42,11,68,55,85,59,28,26,105,33,27,110,54

r (=Rx)
23,90,9,85,18,69,22,34,11,125,1,25,75,54,105,12,19,20,110,66,58,70,26,44,50,36,43,64,35,6,3,68,17,100,65,8,2,61,31,160,56,67,52,21,53,39,5,62,49,41,80,24,59,145,115,10,130,120,48,16,15,4,37,46,33,30,47,27,7,14,135,45,29,55,40,63,60,95,28,140,32,42,57,155,51,13,150,38

s
6,30,39,8,115,69,145,63,7,22,59,61,68,48,120,155,33,3,130,24,140,135,66,34,43,55,42,80,20,160,58,150,13,105,5,37,12,110,51,40,10,47,50,95,70,65,75,27,26,9,31,16,23,52,19,100,45,14,32,29,49,53,57,2,44,38,60,56,64,4,28,125,62,21,54,67,41,25,46,90,85,1,15,11,18,35,36,17

z
115,110,9,67,43,53,145,27,7,49,100,63,50,11,47,68,59,65,6,5,28,20,34,10,80,39,29,15,85,13,66,30,55,42,54,24,125,56,37,95,14,17,46,57,32,120,155,16,51,38,130,44,35,135,69,25,23,105,2,40,60,160,31,8,33,150,90,18,4,41,62,22,52,3,26,1,58,21,19,48,61,64,12,36,75,45,70,140

Ry
60,55,54,68,49,52,40,17,21,63,31,13,4,53,47,15,46,9,33,20,95,66,80,105,34,8,29,5,56,45,64,19,3,120,75,12,41,61,90,25,67,58,51,22,130,43,115,37,11,30,10,7,39,1,38,57,32,14,70,35,59,85,16,36,6,65,18,48,110,27,42,24,23,44,50,100,69,62,125,2,28,26

d
1,2,3,4,5,6,7,8,9,10,11,12,13,14,15,16,17,18,19,20,21,22,23,24,25,26,27,28,29,30,31,32,33,34,35,36,37,38,39,40,41,42,43,44,45,46,47,48,49,50,51,52,53,54,55,56,57,58,59,60,61,62,63,64,65,66,67,68,69,70,75,80,85,90,95,100,105,110,115,120,125,130

log2d
1,2,3,4,5,6,7,8,9,10,11,12,13,14,15,16,17,18,19,20,21,22,23,24,25,26,27,28,29,30,31,32,33,34,35,36,37,38,39,40,41,42,43,44,45,46,47,48,49,50,51,52,53,54,55,56,57,58,59,60,61,62,63,64,65,66,67,68,69,70,75,80,85,90,95,100,105,110,115,120,125,130

n
1,2,3,4,5,6,7,8,9,10,11,12,13,14,15,16,17,18,19,20,21,22,23,24,25,26,27,28,29,30,31,32,33,34,35,36,37,38,39,40,41,42,43,44,45,46,47,48,49,50,51,52,53,54,55,56,57,58,59,60,61,62,63,64,65,66,67,68,69,70,71,72,73,74,75,76,77,78,79,80,81,82,83,84,85,86,87,88,89,90,91,92,93,94,95,96,97,98,99,100,101,102,103,104,105,106,107,108,109,110,111,112,113,114,115,116,117,118,119,120,121,122,123,124,125,126,127,128,129,130,131,132,133,134,135,136,137,138,139,140,141,142,143,144,145,146,147,148,149,150,151,152,153,154,155,156,157,158,159,160

rmd160
133,136,24,39,27,49,110,73,28,134,143,151,82,66,157,83,37,21,159,96,107,25,53,142,57,137,78,81,52,88,135,64,131,114,93,56,120,153,111,33,112,106,65,147,97,29,145,89,70,3,95,69,158,92,79,61,126,138,103,155,80,16,67,36,1,124,77,141,101,105,84,9,2,149,98,123,22,44,12,48,76,58,42,5,104,40,4,14,91,46,32,156,74,130,148,139,127,121,18,119,109,59,108,38,17,20,129,75,72,26,99,86,94,100,117,54,85,60,132,90,23,41,30,10,31,152,55,146,8,50,150,68,128,7,122,62,116,160,115,19,113,144,154,63,51,45,118,34,35,71,125,102,47,11,43,13,6,87,15,140

address_payload
133,136,24,39,27,49,110,73,28,134,143,151,82,66,157,83,37,21,159,96,107,25,53,142,57,137,78,81,52,88,135,64,131,114,93,56,120,153,111,33,112,106,65,147,97,29,145,89,70,3,95,69,158,92,79,61,126,138,103,155,80,16,67,36,1,124,77,141,101,105,84,9,2,149,98,123,22,44,12,48,76,58,42,5,104,40,4,14,91,46,32,156,74,130,148,139,127,121,18,119,109,59,108,38,17,20,129,75,72,26,99,86,94,100,117,54,85,60,132,90,23,41,30,10,31,152,55,146,8,50,150,68,128,7,122,62,116,160,115,19,113,144,154,63,51,45,118,34,35,71,125,102,47,11,43,13,6,87,15,140

address_base58_lex
39,27,49,110,73,28,134,143,151,82,66,157,83,37,21,159,96,107,25,53,142,57,137,78,81,52,88,135,64,131,114,93,56,120,133,153,111,33,112,106,65,147,97,29,145,89,70,3,95,69,158,92,79,61,126,138,103,155,80,16,67,36,1,124,77,141,101,105,84,9,2,149,98,123,22,44,12,48,76,58,42,5,104,40,4,14,91,46,32,156,74,130,148,139,127,121,18,119,109,59,108,38,17,20,129,75,72,26,99,86,94,100,117,54,85,60,132,90,23,41,30,10,31,152,55,146,8,50,150,68,128,7,122,62,116,160,115,19,113,144,154,63,51,45,118,34,35,71,125,102,47,11,43,13,6,87,15,140,136,24

sha256_pubkey
21,68,1,56,64,105,18,45,7,32,31,54,25,43,19,34,57,30,110,11,51,59,53,95,115,140,23,85,8,100,61,6,35,44,48,66,90,49,46,65,14,33,36,20,10,160,27,155,52,80,40,130,38,22,50,62,3,60,120,150,47,67,39,28,9,4,41,135,37,69,29,12,63,55,15,58,16,13,5,75,2,70,24,145,125,42,17,26

sha256_vh
121,51,143,48,131,16,86,64,98,52,58,82,39,22,17,47,99,146,14,90,62,138,63,77,34,93,56,148,117,156,101,136,4,72,32,68,113,125,81,60,57,9,18,97,157,2,27,118,26,114,24,94,152,25,43,38,79,150,132,61,141,155,83,120,88,13,66,158,8,126,46,139,122,80,123,70,76,5,67,95,116,50,74,59,135,37,105,31,7,71,115,110,130,106,119,159,100,3,147,15,160,145,142,144,30,87,104,49,53,33,96,128,45,73,102,154,92,140,42,21,20,29,54,85,84,91,124,149,109,137,19,1,108,129,10,78,55,23,89,44,134,151,127,69,6,40,111,41,12,112,107,153,35,36,11,133,75,103,65,28

sha256_chk
24,92,88,132,85,108,150,133,158,30,101,130,49,32,72,42,73,57,106,127,134,128,137,124,147,99,16,33,86,20,21,87,141,44,68,131,77,126,149,139,26,3,64,14,70,110,100,4,13,7,1,91,51,143,31,160,8,39,114,11,116,56,96,105,153,28,89,59,83,80,67,140,152,61,145,53,107,95,135,144,6,125,25,19,138,103,104,46,12,119,9,146,111,115,74,117,94,63,54,109,15,50,76,93,129,154,55,71,45,75,10,2,41,43,48,60,40,58,151,5,142,27,102,52,35,37,69,29,81,18,82,90,122,113,155,79,38,159,148,156,98,121,23,118,112,123,136,84,47,157,97,36,22,66,34,17,78,65,62,120

checksum4
24,92,88,132,85,108,150,133,158,30,101,130,49,32,72,42,73,57,106,127,134,128,137,124,147,99,16,33,86,20,21,87,141,44,68,131,77,126,149,139,26,3,64,14,70,110,100,4,13,7,1,91,51,143,31,160,8,39,114,11,116,56,96,105,153,28,89,59,83,80,67,140,152,61,145,53,107,95,135,144,6,125,25,19,138,103,104,46,12,119,9,146,111,115,74,117,94,63,54,109,15,50,76,93,129,154,55,71,45,75,10,2,41,43,48,60,40,58,151,5,142,27,102,52,35,37,69,29,81,18,82,90,122,113,155,79,38,159,148,156,98,121,23,118,112,123,136,84,47,157,97,36,22,66,34,17,78,65,62,120
