LINEAR ORDER ALL-IN-ONE (rows by Px ascending)
Puzzles 1..160
Chart: rows sorted by Px linear_rank (1=smallest Px). Missing Px at bottom.
d / l2d / dbit are columns (scattered through the row) — not the sort key.
CSV: LINEAR_RANK_CHART_BY_PX.csv

  n  Px   d l2d nRk  Py Pmy   r   s   z  Ry h160  pay  lex sPub  sVH sCHK   c4 dbit
-----------------------------------------------------------------------------------
 25   1  25  25  25  64  25  12  78  56  40   22   22   19   13   54   83   83   25
  8   2   8   8   8  74  15  36   4  64  26  129  129  127   29   69   57   57    8
110   3  78  78 110   2  87  19  38   2  69    7    7    4   19   92   46   46  110
 32   4  32  32  32  27  62  81  59  45  57   91   91   89   10   35   14   14   32
 18   5  18  18  18  53  36   5  85  68  67   99   99   97    7   43  130  130   18
 30   6  30  30  30  63  26  66   2  32  50  123  123  121   18  105   10   10   30
 53   7  53  53  53  37  52  45  62   6  14   23   23   20   23  109   76   76   53
 64   8  64  64  64  28  61  28  69  82  31   32   32   29    5    8   43   43   64
 58   9  58  58  58  29  60  21  31  77  42   82   82   80   76   11  118  118   58
 67  10  67  67  67  84   5  42  76   4  41   63   63   61   62   79   71   71   67
150  11         150  87   2  87  32  66      131  131  129   60   58    7    7     
135  12         135  38  51  71  22  54       31   31   28   68   85   79   79     
 21  13  21  21  21  16  73  44  74  78   9   18   18   15    1  120   31   31   21
 27  14  27  27  27   3  86  68  48   8  70    5    5    2   47   47  122  122   27
140  15         140  88   1  80  21  88      160  160  158   26  118   72   72     
 68  16  68  68  68  11  78  32  13  16   4  132  132  130    2   36   35   35   68
 62  17  62  62  62  23  66  48  73  71  78  136  136  134   56   21  159  159   62
 85  18  73  73  85   9  80   4  81  29  62  117  117  115   28  124    5    5   85
 39  19  39  39  39  19  70  46   3  26  53    4    4    1   63   13   58   58   39
  4  20   4   4   4  31  58  62  70  69  13   87   87   85   66   33   48   48    4
 65  21  65  65  65  82   7  35  46  18  66   43   43   41   40  159  158  158   65
125  22  81  81 125  14  75  10  72  37  79  151  151  149   85   38   82   82  125
  5  23   5   5   5  18  71  47  35  20  28   84   84   82   79   78  120  120    5
 47  24  47  47  47  67  22  67  42  15  15  153  153  151   61   16  149  149   47
 20  25  20  20  20  52  37  18  29  22  20  106  106  104   44  121   30   30   20
 34  26  34  34  34  71  18   8  24  23  25  148  148  146   16   25  155  155   34
 22  27  22  22  22  43  46   7  10  72  44   77   77   75   54   14  153  153   22
 56  28  56  56  56  80   9  41  68  38  29   36   36   33    4   27   62   62   56
 17  29  17  17  17  22  67  33  88  42   8  105  105  103   87   15  156  156   17
 59  30  59  59  59   8  81  53  11  17  61  102  102  100   22   84   68   68   59
  9  31   9   9   9  51  38   3  50   3  18   72   72   70   65   42   91   91    9
115  32  79  79 115  39  50  55   5   1  47  139  139  137   25   91   94   94  115
 60  33  60  60  60  72  17  77  67  61   1  118  118  116   58   40  116  116   60
 61  34  61  61  61  75  14  38  12  81  38   56   56   54   31   60   74   74   61
 54  35  54  54  54   1  88  14  75  35   3  116  116  114   12  123   99   99   54
 69  36  69  69  69  73  16   6   6  55  77   52   52   50   70  144  127  127   69
 26  37  26  26  26   6  83  23  49  75  82  110  110  108   88   49   41   41   26
 66  38  66  66  66  46  43  20  23  31  22   14   14   11   36   67  154  154   66
 49  39  49  49  49  65  24  49  61  10   5    6    6    3   38  108   13   13   49
 90  40  74  74  90  60  29   2  80  67  39  120  120  118   37   20  132  132   90
  3  41   3   3   3  40  49  31  18  74  33   50   50   48   57   98   42   42    3
155  42         155  86   3  84  16  47       60   60   58   48   62  135  135     
 44  43  44  44  44  44  45  24  65  52  74   78   78   76   34  140   34   34   44
130  44  82  82 130  62  27  57  19  51  45   94   94   92   52   93   12   12  130
 63  45  63  63  63  30  59  76   8  12  10  144  144  142   73   23   98   98   63
 29  46  29  29  29  85   4  73  60  27  27   46   46   44   71  122  128  128   29
 24  47  24  24  24  76  13  52  20  36  72    3    3  160   83   51    1    1   24
 45  48  45  45  45  61  28  72  57  86  30  146  146  144    8  113  109  109   45
 75  49  71  71  75  57  32  13  47  85  35  108  108  106   80  157  110  110   75
 52  50  52  52  52  79  10  43  54  73   6   29   29   26   49   10  124  124   52
  1  51   1   1   1  26  63  11  82  76  54   65   65   63    3  132   51   51    1
 37  52  37  37  37  34  55  63  36  39  48   17   17   14   69   86  126  126   37
 80  53  72  72  80  36  53  51  28  25  23   61   61   59   50   74   70   70   80
 19  54  19  19  19  25  64  17  55  79  32  140  140  138   15  131   84   84   19
 55  55  55  55  55  10  79  74  26  33   2  127  127  125   74  137  107  107   55
 31  56  31  31  31  24  65  39  51  63  11  125  125  123   11   88   55   55   31
 12  57  12  12  12  35  54  16  37  83  36   79   79   77   72  149   89   89   12
 11  58  11  11  11  12  77   9  84  14  49  154  154  152   20  155   60   60   11
 51  59  51  51  51  48  41  85  39  49  43  145  145  143   21    2   53   53   51
 70  60  70  70  70  78  11  22  45  87  59   49   49   47   82   76   45   45   70
 48  61  48  48  48  32  57  59  14  80  68   80   80   78   35    4  115  115   48
  7  62   7   7   7  66  23  69   9   9  52  134  134  132    9   89   50   50    7
 95  63  75  75  95  58  31  78  44  40  21   51   51   49   24   80   78   78   95
 16  64  16  16  16  49  40  60  52  48  63   62   62   60   77    6   27   27   16
 40  65  40  40  40  47  42  75  40  60   7   86   86   84   51  146  117  117   40
 33  66  33  33  33   4  85  65  17  65  19   40   40   38   42  110   28   28   33
 57  67  57  57  57  42  47  83  63  44  56   25   25   22   17   41   18   18   57
 43  68  43  43  43  69  20  27  25   5  46  155  155  153   14   55  114  114   43
 10  69  10  10  10  77  12  56  41  24  51  124  124  122   45  135  111  111   10
 13  70  13  13  13  17  72  86  33  30  12  156  156  154   78   66   49   49   13
145  71         145  33  56  54   7   7       47   47   45   84  102   75   75     
 41  72  41  41  41  56  33  50  77  70  37  122  122  120   67  148  113  113   41
 36  73  36  36  36  41  48  26  87  84  64   64   64   62   43  154  152  152   36
 14  74  14  14  14  45  44  70  58  41  58   88   88   86   41   19   44   44   14
105  75  77  77 105   5  84  15  34  58  24   70   70   68    6   87   64   64  105
 38  76  38  38  38  20  69  88  66  50  55  104  104  102   53   56  137  137   38
120  77  80  80 120  15  74  58  15  46  34   37   37   34   59   64  160  160  120
100  78  76  76 100  50  39  34  56  11  76  114  114  112   30   97   47   47  100
160  79         160  68  21  40  30  62      138  138  136   46  101   56   56     
 28  80  28  28  28   7  82  79  71  21  81    9    9    6   64  160   66   66   28
 42  81  42  42  42  13  76  82  27  34  71   83   83   81   86  119   16   16   42
  6  82   6   6   6  81   8  30   1  19  65  157  157  155   32  145   81   81    6
 50  83  50  50  50  83   6  25  43  13  75  130  130  128   55   82  102  102   50
 35  84  35  35  35  54  35  29  86  53  60  149  149  147   33  153  125  125   35
 23  85  23  23  23  55  34   1  53  57  73  121  121  119   27  138  143  143   23
  2  86   2   2   2  21  68  37  64  59  80   73   73   71   81   46  112  112    2
 46  87  46  46  46  59  30  64  79  43  17   90   90   88   39   71   88   88   46
 15  88  15  15  15  70  19  61  83  28  16  159  159  157   75  100  101  101   15
 71              71                          150  150  148        90  108  108     
 72              72                          109  109  107        34   15   15     
 73              73                            8    8    5       114   17   17     
 74              74                           93   93   91        83   95   95     
 76              76                           81   81   79        77  103  103     
 77              77                           67   67   65        24   37   37     
 78              78                           27   27   24       136  157  157     
 79              79                           55   55   53        57  136  136     
 81              81                           28   28   25        39  129  129     
 82              82                           13   13   10        12  131  131     
 83              83                           16   16   13        63   69   69     
 84              84                           71   71   69       125  148  148     
 86              86                          112  112  110         7   29   29     
 87              87                          158  158  156       106   32   32     
 88              88                           30   30   27        65    3    3     
 89              89                           48   48   46       139   67   67     
 91              91                           89   89   87       126   52   52     
 92              92                           54   54   52       117    2    2     
 93              93                           35   35   32        26  104  104     
 94              94                          113  113  111        52   97   97     
 96              96                           20   20   17       111   63   63     
 97              97                           45   45   43        44  151  151     
 98              98                           75   75   73         9  141  141     
 99              99                          111  111  109        17   26   26     
101             101                           69   69   67        31   11   11     
102             102                          152  152  150       115  123  123     
103             103                           59   59   57       158   86   86     
104             104                           85   85   83       107   87   87     
106             106                           42   42   40        94   19   19     
107             107                           21   21   18       151   77   77     
108             108                          103  103  101       133    6    6     
109             109                          101  101   99       129  100  100     
111             111                           39   39   37       147   93   93     
112             112                           41   41   39       150  145  145     
113             113                          141  141  139        37  134  134     
114             114                           34   34   31        50   59   59     
116             116                          137  137  135        81   61   61     
117             117                          115  115  113        29   96   96     
118             118                          147  147  145        48  144  144     
119             119                          100  100   98        95   90   90     
121             121                           98   98   96         1  142  142     
122             122                          135  135  133        73  133  133     
123             123                           76   76   74        75  146  146     
124             124                           66   66   64       127   24   24     
126             126                           57   57   55        70   38   38     
127             127                           97   97   95       143   20   20     
128             128                          133  133  131       112   22   22     
129             129                          107  107  105       134  105  105     
131             131                           33   33   30         5   36   36     
132             132                          119  119  117        59    4    4     
133             133                            1    1   35       156    8    8     
134             134                           10   10    7       141   21   21     
136             136                            2    2  159        32  147  147     
137             137                           26   26   23       130   23   23     
138             138                           58   58   56        22   85   85     
139             139                           96   96   94        72   40   40     
141             141                           68   68   66        61   33   33     
142             142                           24   24   21       103  121  121     
143             143                           11   11    8         3   54   54     
144             144                          142  142  140       104   80   80     
146             146                          128  128  126        18   92   92     
147             147                           44   44   42        99   25   25     
148             148                           95   95   93        28  139  139     
149             149                           74   74   72       128   39   39     
151             151                           12   12    9       142  119  119     
152             152                          126  126  124        53   73   73     
153             153                           38   38   36       152   65   65     
154             154                          143  143  141       116  106  106     
156             156                           92   92   90        30  140  140     
157             157                           15   15   12        45  150  150     
158             158                           53   53   51        68    9    9     
159             159                           19   19   16        96  138  138     

========================================================================
puzzle_n sequences (value ascending) — same as before
========================================================================

Px
25,8,110,32,18,30,53,64,58,67,150,135,21,27,140,68,62,85,39,4,65,125,5,47,20,34,22,56,17,59,9,115,60,61,54,69,26,66,49,90,3,155,44,130,63,29,24,45,75,52,1,37,80,19,55,31,12,11,51,70,48,7,95,16,40,33,57,43,10,13,145,41,36,14,105,38,120,100,160,28,42,6,50,35,23,2,46,15

Py
54,110,27,33,105,26,28,59,85,55,68,11,42,125,120,21,13,5,39,38,2,17,62,31,19,1,32,64,58,63,4,48,145,37,12,80,53,135,115,3,36,57,22,44,14,66,40,51,16,100,9,20,18,35,23,41,75,95,46,90,45,130,30,25,49,7,47,160,43,15,34,60,69,8,61,24,10,70,52,56,6,65,50,67,29,155,150,140

Pmy
140,150,155,29,67,50,65,6,56,52,70,10,24,61,8,69,60,34,15,43,160,47,7,49,25,30,130,45,90,46,95,75,41,23,35,18,20,9,100,16,51,40,66,14,44,22,57,36,3,115,135,53,80,12,37,145,48,4,63,58,64,32,1,19,31,62,17,2,38,39,5,13,21,120,125,42,11,68,55,85,59,28,26,105,33,27,110,54

r (=Rx)
23,90,9,85,18,69,22,34,11,125,1,25,75,54,105,12,19,20,110,66,58,70,26,44,50,36,43,64,35,6,3,68,17,100,65,8,2,61,31,160,56,67,52,21,53,39,5,62,49,41,80,24,59,145,115,10,130,120,48,16,15,4,37,46,33,30,47,27,7,14,135,45,29,55,40,63,60,95,28,140,32,42,57,155,51,13,150,38

s
6,30,39,8,115,69,145,63,7,22,59,61,68,48,120,155,33,3,130,24,140,135,66,34,43,55,42,80,20,160,58,150,13,105,5,37,12,110,51,40,10,47,50,95,70,65,75,27,26,9,31,16,23,52,19,100,45,14,32,29,49,53,57,2,44,38,60,56,64,4,28,125,62,21,54,67,41,25,46,90,85,1,15,11,18,35,36,17

z
115,110,9,67,43,53,145,27,7,49,100,63,50,11,47,68,59,65,6,5,28,20,34,10,80,39,29,15,85,13,66,30,55,42,54,24,125,56,37,95,14,17,46,57,32,120,155,16,51,38,130,44,35,135,69,25,23,105,2,40,60,160,31,8,33,150,90,18,4,41,62,22,52,3,26,1,58,21,19,48,61,64,12,36,75,45,70,140

Ry
60,55,54,68,49,52,40,17,21,63,31,13,4,53,47,15,46,9,33,20,95,66,80,105,34,8,29,5,56,45,64,19,3,120,75,12,41,61,90,25,67,58,51,22,130,43,115,37,11,30,10,7,39,1,38,57,32,14,70,35,59,85,16,36,6,65,18,48,110,27,42,24,23,44,50,100,69,62,125,2,28,26

d
1,2,3,4,5,6,7,8,9,10,11,12,13,14,15,16,17,18,19,20,21,22,23,24,25,26,27,28,29,30,31,32,33,34,35,36,37,38,39,40,41,42,43,44,45,46,47,48,49,50,51,52,53,54,55,56,57,58,59,60,61,62,63,64,65,66,67,68,69,70,75,80,85,90,95,100,105,110,115,120,125,130

log2d
1,2,3,4,5,6,7,8,9,10,11,12,13,14,15,16,17,18,19,20,21,22,23,24,25,26,27,28,29,30,31,32,33,34,35,36,37,38,39,40,41,42,43,44,45,46,47,48,49,50,51,52,53,54,55,56,57,58,59,60,61,62,63,64,65,66,67,68,69,70,75,80,85,90,95,100,105,110,115,120,125,130

n
1,2,3,4,5,6,7,8,9,10,11,12,13,14,15,16,17,18,19,20,21,22,23,24,25,26,27,28,29,30,31,32,33,34,35,36,37,38,39,40,41,42,43,44,45,46,47,48,49,50,51,52,53,54,55,56,57,58,59,60,61,62,63,64,65,66,67,68,69,70,71,72,73,74,75,76,77,78,79,80,81,82,83,84,85,86,87,88,89,90,91,92,93,94,95,96,97,98,99,100,101,102,103,104,105,106,107,108,109,110,111,112,113,114,115,116,117,118,119,120,121,122,123,124,125,126,127,128,129,130,131,132,133,134,135,136,137,138,139,140,141,142,143,144,145,146,147,148,149,150,151,152,153,154,155,156,157,158,159,160

rmd160
133,136,24,39,27,49,110,73,28,134,143,151,82,66,157,83,37,21,159,96,107,25,53,142,57,137,78,81,52,88,135,64,131,114,93,56,120,153,111,33,112,106,65,147,97,29,145,89,70,3,95,69,158,92,79,61,126,138,103,155,80,16,67,36,1,124,77,141,101,105,84,9,2,149,98,123,22,44,12,48,76,58,42,5,104,40,4,14,91,46,32,156,74,130,148,139,127,121,18,119,109,59,108,38,17,20,129,75,72,26,99,86,94,100,117,54,85,60,132,90,23,41,30,10,31,152,55,146,8,50,150,68,128,7,122,62,116,160,115,19,113,144,154,63,51,45,118,34,35,71,125,102,47,11,43,13,6,87,15,140

address_payload
133,136,24,39,27,49,110,73,28,134,143,151,82,66,157,83,37,21,159,96,107,25,53,142,57,137,78,81,52,88,135,64,131,114,93,56,120,153,111,33,112,106,65,147,97,29,145,89,70,3,95,69,158,92,79,61,126,138,103,155,80,16,67,36,1,124,77,141,101,105,84,9,2,149,98,123,22,44,12,48,76,58,42,5,104,40,4,14,91,46,32,156,74,130,148,139,127,121,18,119,109,59,108,38,17,20,129,75,72,26,99,86,94,100,117,54,85,60,132,90,23,41,30,10,31,152,55,146,8,50,150,68,128,7,122,62,116,160,115,19,113,144,154,63,51,45,118,34,35,71,125,102,47,11,43,13,6,87,15,140

address_base58_lex
39,27,49,110,73,28,134,143,151,82,66,157,83,37,21,159,96,107,25,53,142,57,137,78,81,52,88,135,64,131,114,93,56,120,133,153,111,33,112,106,65,147,97,29,145,89,70,3,95,69,158,92,79,61,126,138,103,155,80,16,67,36,1,124,77,141,101,105,84,9,2,149,98,123,22,44,12,48,76,58,42,5,104,40,4,14,91,46,32,156,74,130,148,139,127,121,18,119,109,59,108,38,17,20,129,75,72,26,99,86,94,100,117,54,85,60,132,90,23,41,30,10,31,152,55,146,8,50,150,68,128,7,122,62,116,160,115,19,113,144,154,63,51,45,118,34,35,71,125,102,47,11,43,13,6,87,15,140,136,24

sha256_pubkey
21,68,1,56,64,105,18,45,7,32,31,54,25,43,19,34,57,30,110,11,51,59,53,95,115,140,23,85,8,100,61,6,35,44,48,66,90,49,46,65,14,33,36,20,10,160,27,155,52,80,40,130,38,22,50,62,3,60,120,150,47,67,39,28,9,4,41,135,37,69,29,12,63,55,15,58,16,13,5,75,2,70,24,145,125,42,17,26

sha256_vh
121,51,143,48,131,16,86,64,98,52,58,82,39,22,17,47,99,146,14,90,62,138,63,77,34,93,56,148,117,156,101,136,4,72,32,68,113,125,81,60,57,9,18,97,157,2,27,118,26,114,24,94,152,25,43,38,79,150,132,61,141,155,83,120,88,13,66,158,8,126,46,139,122,80,123,70,76,5,67,95,116,50,74,59,135,37,105,31,7,71,115,110,130,106,119,159,100,3,147,15,160,145,142,144,30,87,104,49,53,33,96,128,45,73,102,154,92,140,42,21,20,29,54,85,84,91,124,149,109,137,19,1,108,129,10,78,55,23,89,44,134,151,127,69,6,40,111,41,12,112,107,153,35,36,11,133,75,103,65,28

sha256_chk
24,92,88,132,85,108,150,133,158,30,101,130,49,32,72,42,73,57,106,127,134,128,137,124,147,99,16,33,86,20,21,87,141,44,68,131,77,126,149,139,26,3,64,14,70,110,100,4,13,7,1,91,51,143,31,160,8,39,114,11,116,56,96,105,153,28,89,59,83,80,67,140,152,61,145,53,107,95,135,144,6,125,25,19,138,103,104,46,12,119,9,146,111,115,74,117,94,63,54,109,15,50,76,93,129,154,55,71,45,75,10,2,41,43,48,60,40,58,151,5,142,27,102,52,35,37,69,29,81,18,82,90,122,113,155,79,38,159,148,156,98,121,23,118,112,123,136,84,47,157,97,36,22,66,34,17,78,65,62,120

checksum4
24,92,88,132,85,108,150,133,158,30,101,130,49,32,72,42,73,57,106,127,134,128,137,124,147,99,16,33,86,20,21,87,141,44,68,131,77,126,149,139,26,3,64,14,70,110,100,4,13,7,1,91,51,143,31,160,8,39,114,11,116,56,96,105,153,28,89,59,83,80,67,140,152,61,145,53,107,95,135,144,6,125,25,19,138,103,104,46,12,119,9,146,111,115,74,117,94,63,54,109,15,50,76,93,129,154,55,71,45,75,10,2,41,43,48,60,40,58,151,5,142,27,102,52,35,37,69,29,81,18,82,90,122,113,155,79,38,159,148,156,98,121,23,118,112,123,136,84,47,157,97,36,22,66,34,17,78,65,62,120
